index,1,2,3,4,5,6,7,8,9,10,11,12,13,14,15,16,17,18,19,20,21,22,23,24,25,26,27,28,29,30,31,32,33,34,35,36,37,38,39,40,41,42,43,44,45,46,47,48,49,50,51,52,53,54,55,56,57,58,59,60,61,62,63,64,65,66,67,68,69,70,71,72,73,74,75,76,77,78,79,80,81,82,83,84,85,86,87,88,89,90,91,92,93,94,95,96,97,98,99,100,101,102,103,104,105,106,107,108,109,110,111,112,113,114,115,116,117,118,119,120,121,122,123,124,125,126,127,128,129,130,131,132,133,134,135,136,137,138,139,140,141,142,143,144,145,146,147,148,149,150,151,152,153,154,155,156,157,158,159,160,161,162,163,164,165,166,167,168,169,170,171,172,173,174,175,176,177,178,179,180,181,182,183,184,185,186,187,188,189,190,191,192,193,194,195,196,197,198,199,200,201,202,203,204,205,206,207,208,209,210,211,212,213,214,215,216,217,218,219,220,221,222,223,224,225,226,227,228,229,230,231,232,233,234,235,236,237,238,239,240,241,242,243,244,245,246,247,248,249,250,251,252,253,254,255,256,257,258,259,260,261,262,263,264,265,266,267,268,269,270,271,272,273,274,275,276,277,278,279,280,281,282,283,284,285,286,287,288,289,290,291,292,293,294,295,296,297,298,299,300,301,302,303,304,305,306,307,308,309,310,311,312,313,314,315,316,317,318,319,320,321,322,323,324,325,326,327,328,329,330,331,332,333,334,335,336,337,338,339,340,341,342,343,344,345,346,347,348,349,350,351,352,353,354,355,356,357,358,359,360,361,362,363,364,365,366,367,368,369,370,371,372,373,374,375,376,377,378,379,380,381,382,383,384,385,386,387,388,389,390,391,392,393,394,395,396,397,398,399,400,401,402,403,404,405,406,407,408,409,410,411,412,413,414,415,416,417,418,419,420,421,422,423,424,425,426,427,428,429,430,431,432,433,434,435,436,437,438,439,440,441,442,443,444,445,446,447,448,449,450,451,452,453,454,455,456,457,458,459,460,461,462,463,464,465,466,467,468,469,470,471,472,473,474,475,476,477,478,479,480,481,482,483,484,485,486,487,488,489,490,491,492,493,494,495,496,497,498,499,500
ACAd,0.23072544,0.31052917,0.4215483,0.122240305,0.14694029,0.0,0.5595921,0.0,0.030964881,0.37406543,0.10158773,0.5598876,0.1103062,0.43364692,0.0,0.17619562,0.0,0.27775994,0.70214367,0.13370012,0.42122734,0.0,0.19720654,0.30139828,0.16557226,0.4159111,0.14669368,0.19767648,0.39030382,0.14430542,0.28884,0.23900221,0.31417304,0.38723537,0.52282244,1.109,0.31279394,0.37231916,0.6860071,0.3064603,0.0,0.60467136,0.0,0.114337206,0.16066578,0.57778424,0.16742025,0.43319038,0.0646813,0.18611825,0.0,0.38016286,0.22674736,0.40741313,0.18932739,0.57569325,0.23411256,0.17189284,0.22316223,0.5806671,0.36510617,0.14323352,0.29907426,0.24044347,0.17619637,0.13043736,0.16737178,0.17948106,0.40471876,0.18043917,0.0,0.3229013,0.089427575,0.022892335,0.22020464,0.27523562,0.7019447,0.0,0.29175404,0.12345019,0.62136734,0.073469795,0.024720952,0.07691202,0.6783343,0.1935793,0.06882739,0.0,0.0,0.0,0.0,0.24366184,0.306072,0.8633711,0.0,0.2371691,0.098939225,0.13038659,0.22803017,0.40716666,0.14943522,0.16215359,0.44885817,0.28472158,0.0,0.0,0.44540095,0.28881934,0.41622847,0.15031813,0.19142132,0.0,0.0,0.09938169,0.7441062,0.50844985,0.09209299,0.65510476,0.16834322,0.052066743,0.12332656,0.21252409,0.4304252,0.6900391,0.39346993,0.6157262,0.20869088,0.079779275,0.45827305,0.4352138,0.23094374,0.117372245,0.14927773,0.14599672,0.026143849,0.4039648,0.54833233,0.0,0.42656192,0.119817555,0.0,0.10322812,0.59434265,0.09396277,0.427405,0.2005795,0.18179104,0.091975175,0.0,0.089846715,0.32173073,0.092709035,0.32030392,0.4139555,0.36455387,0.0,0.025786689,0.5910688,0.0,0.4259543,0.31131774,0.29505414,0.4588505,0.21327803,0.38111052,0.2218959,0.151716,0.43759942,0.0,0.33232746,0.11986782,0.27248204,0.26994705,0.16514301,0.00083215535,0.0108370595,0.16464226,0.14843957,0.4458375,0.44145453,0.2807022,0.008428823,0.3228527,0.53990144,0.2402053,0.5390004,0.14448355,0.0,0.14791858,0.3375694,0.23192391,0.10582042,0.21882853,0.24833097,0.65425414,0.4706719,0.34451678,0.38451707,0.27573135,0.20774072,0.39754984,0.3028836,0.3962738,0.084298186,0.010585334,0.31671008,0.17555213,0.58854437,0.38715732,0.30601418,0.35228604,0.06592341,0.0,0.013160886,0.16247843,0.22122276,0.0,0.16837806,0.0,0.3568563,0.31277892,0.0,0.00037310272,0.38912502,0.2391218,0.13414644,0.27675942,0.0,0.0,0.15404727,0.17984226,0.78931886,0.33207428,0.0,0.42996314,0.24186364,0.33973554,0.4616251,0.1883524,0.056645244,0.15810981,0.09355414,0.36714098,0.093390554,0.74753785,0.5808105,0.34541994,0.15699044,0.72471046,0.16801068,0.502116,0.25914264,0.31230575,0.03608488,0.32030883,0.0,0.3221599,0.1125973,0.038956866,0.68758774,0.0,0.27121758,0.33419278,0.17629378,0.0070577003,0.15057035,0.2727191,0.21428603,0.09568432,0.6410155,0.23868097,0.08255554,0.06636445,0.35622916,0.0,0.33005783,0.0,0.04803925,0.593846,0.31697682,0.097884476,0.40964392,0.14971253,0.06149965,0.053079322,0.90271276,0.44780266,0.17410056,0.0,0.11197726,0.052360795,0.23601519,0.17467014,0.0050963797,0.26833737,0.0,0.5792154,0.2175714,0.25717822,0.0,0.67855686,0.3352099,0.0,0.3259513,0.0,0.09579653,0.48001578,0.44552755,0.369436,0.16002491,0.3549534,0.29171118,0.05398424,0.23564409,0.6415077,0.56791794,0.66150016,0.16262174,0.33041057,0.67554665,0.0,0.5113456,0.42144674,0.09544563,0.16603255,0.43259588,0.03732613,0.3522086,0.25821766,0.23848319,0.30742472,0.0,0.1414472,0.3684306,0.36584327,0.36690685,0.21968566,0.22244886,0.082992055,0.17671049,0.061989736,0.08912249,0.25202093,0.15323332,0.50060123,0.3129118,0.10809201,0.56862956,0.3971445,0.30068308,0.38400042,0.15910214,0.16320583,0.12949796,0.54197884,0.31861326,0.43305084,0.0,0.1881177,0.4717519,0.17838477,0.12789844,0.5894152,0.5424003,0.505733,0.6577718,0.35371488,0.029441161,0.27386656,0.13067783,0.62991065,0.0,0.2905599,0.1946921,0.6250143,0.16293137,0.5615398,0.821945,0.5933237,0.1701682,0.631076,0.22017866,0.1322708,0.54386276,0.0,0.5639291,0.3766165,0.15078685,0.29272228,0.19605,0.20218235,0.20800115,0.060365587,0.3248323,0.4808642,0.0,0.10721897,0.26684195,0.24517152,0.07324174,0.10867569,0.23765984,0.18947962,0.5376007,0.0,0.11442728,0.22247416,0.0,0.15492614,0.0,0.12903294,0.14690629,0.0,0.0,0.19328775,0.2097827,0.083442755,0.2726389,0.016835954,0.0,0.06720677,0.023867454,0.0,0.28314906,0.0,0.14000376,0.21482538,0.0,0.034311377,0.0,0.0117948,0.41727448,0.0,0.0053376406,0.5384188,0.12065563,0.0,0.008361183,0.7257576,0.0,0.38729522,0.0,0.51879215,0.0,0.17076401,0.191602,0.17518227,0.0,0.13890186,0.12495195,0.36100292,0.2671808,0.5231719,0.10398576,0.41862902,0.0,0.4927359,0.3618706,0.3439455,0.2006447,0.40515524,0.25697953,0.46904308,0.43509686,0.68360263,0.65332246,0.47512245,0.3018844,0.57128644,0.005577117,0.50895154,0.14845796,0.086595826,0.20443833,0.10282991,0.3263128,0.049484715,0.46185806,0.11740705,0.13035384,0.0,0.4573513,0.0,0.013110209,0.25458273,0.020646062,0.059451926,0.20838284,0.1959676,0.26552105,0.09542036,0.04264436,0.4710055,0.46051428,0.05779393,0.43953064,0.24613832,0.28132445,0.1060622,0.15701464
ACAv,0.23621055,0.32775864,0.47437954,0.4037839,0.2121699,0.070451744,0.7923206,0.021201406,0.04351658,0.51732934,0.44384694,0.70129204,0.37946472,0.49529466,0.019717785,0.16754757,0.0,0.2933355,1.1208442,0.14062242,0.41623527,0.0,0.4877944,0.36759132,0.24581926,0.77001876,0.0,0.29670748,0.46792826,0.09020899,0.38168058,0.12802745,0.49295768,0.5625339,0.72829956,1.4949697,0.36509383,0.60388714,0.91042393,0.31733006,0.0,0.715641,0.0,0.17051397,0.2288639,0.8606153,0.34227747,0.5246457,0.0,0.37434962,0.0,0.7194839,0.30807972,0.5261441,0.2478626,0.7620119,0.3955939,0.03933326,0.3599227,0.92552567,0.39744094,0.24298032,0.46034393,0.013933035,0.35095307,0.12955691,0.21536878,0.351148,0.37536812,0.4387389,0.0,0.7228906,0.2540863,0.049298033,0.17921297,0.4762353,1.0505654,0.0,0.6341507,0.43663678,0.75638705,0.2023744,0.28368825,0.2213296,1.0043756,0.3554001,0.15181202,0.07390076,0.0,0.0,0.076139756,0.39190596,0.34328574,1.069564,0.0,0.16048346,0.19228937,0.42171144,0.39078304,0.7128335,0.48930344,0.29868352,0.41508627,0.3705324,0.0,0.0,0.58017784,0.44288924,0.77178556,0.14510538,0.32353342,0.0,0.0,0.42738122,1.1151495,0.7894016,0.17509642,0.8059907,0.34929734,0.027036227,0.24887985,0.33860698,0.40435636,0.9416887,0.45377433,0.6416156,0.11919799,0.5163303,0.5278214,0.81193364,0.112040445,0.44511622,0.04664048,0.020813696,0.016945392,0.59685135,0.7507141,0.0058695413,0.72239363,0.18938068,0.0,0.21102396,0.9727773,0.29912144,0.57795256,0.22280377,0.2011347,0.11140842,0.031057391,0.26765072,0.45327216,0.0,0.22092922,0.7522205,0.4783483,0.16330674,0.06026873,1.1376296,0.037285663,0.30029377,0.48903805,0.24190566,0.43101215,0.37809274,0.7229651,0.22385198,0.5312279,0.64296126,0.0,0.32123563,0.40016365,0.28866893,0.46850958,0.49883175,0.0,0.18709698,0.3452909,0.32902855,0.534312,0.6060394,0.036591645,0.097952455,0.44380805,0.7726535,0.6673735,0.69510496,0.2284664,0.0,0.084652334,0.6188739,0.37077755,0.07504218,0.37702587,0.35187167,0.81740165,0.55931693,0.58779675,0.53571886,0.47831482,0.289903,0.14590839,0.42636833,0.63816965,0.23642445,0.18808642,0.42570868,0.14315692,1.1044315,0.6018156,0.5987766,0.6166736,0.0,0.10248031,0.24200349,0.23082654,0.38640612,0.0,0.2221573,0.0,0.4870487,0.54853344,0.0,0.15843377,0.5821964,0.43235058,0.075487435,0.81737924,0.0,0.0,0.10958807,0.17028946,1.1679579,0.5649045,0.4015565,0.4415021,0.21953608,0.3759638,0.3614818,0.31125924,0.4504553,0.517105,0.16650301,0.63081354,0.21476394,0.9305086,0.91665614,0.4258178,0.3417239,1.1298125,0.09039004,0.6994335,0.43848884,0.5962049,0.07816573,0.5365738,0.11764248,0.2175048,0.32633367,0.11918366,0.807191,0.0,0.44751033,0.17197874,0.5360121,0.19283354,0.11925395,0.44113126,0.2253246,0.15893365,0.7813996,0.17383437,0.0,0.1492966,0.4683673,0.0,0.4060145,0.018320907,0.12647244,0.8600323,0.40917313,0.32527438,0.43826994,0.26113194,0.29068422,0.14187975,1.402997,0.6807559,0.21042116,0.24931775,0.1991136,0.15405826,0.35969567,0.26209682,0.06291391,0.38261622,0.0,0.6431674,0.07654357,0.5079762,0.21443592,1.0427629,0.35556316,0.0,0.6588698,0.0,0.0,0.53131086,0.35381508,0.6134296,0.21110603,0.6539664,0.46006706,0.07831408,0.2980177,0.625554,0.7581263,0.940289,0.0,0.12606628,0.9990217,0.04884286,0.717987,0.69263154,0.26536307,0.159565,0.67262924,0.19221619,0.5701321,0.36091685,0.3414209,0.5734291,0.0,0.1565439,0.49308822,0.27710357,0.58182144,0.38515955,0.3767381,0.14478968,0.37957695,0.042032477,0.15566222,0.44252628,0.1956446,0.93438,0.40173686,0.15979677,0.73259246,0.55222887,0.3853212,0.20961022,0.24605002,0.4322334,0.53368527,0.8173751,0.6248475,0.4266788,0.055380147,0.20214267,0.68718535,0.0,0.2991449,0.8022125,0.61860764,0.9272177,0.7983946,0.45949584,0.0,0.4568037,0.49622828,0.93588966,0.0,0.50243115,0.40749028,0.8862028,0.44273156,0.88821524,1.5678043,1.1503577,0.42951998,1.0808342,0.14381553,0.14757994,0.5737182,0.0,0.6255608,0.4342645,0.34986454,0.35493326,0.34966052,0.310293,0.10846561,0.25444514,0.5844845,0.89563715,0.13660294,0.0,0.43478692,0.3717847,0.27337214,0.0,0.054217212,0.19380581,0.85277444,0.0,0.19188683,0.3936292,0.05664198,0.35092,0.0,0.32755572,0.18398602,0.0,0.0,0.18122177,0.4634391,0.0058719935,0.3312733,0.0,0.0,0.19505459,0.14403135,0.0,0.27008402,0.0,0.35246316,0.15053734,0.0,0.15340567,0.0,0.109562494,0.4943849,0.0672326,0.0,0.7324857,0.29710823,0.0,0.19049823,1.1262585,0.0,0.5806437,0.0,0.7873286,0.0,0.3742422,0.024519008,0.40255493,0.0,0.0,0.39971086,0.7755839,0.3583989,0.8063599,0.031390633,0.33754155,0.0,0.75071245,0.47222868,0.53213555,0.25134596,0.62426364,0.3027273,0.9008991,0.9183024,0.95792687,1.0563661,0.70483077,0.5917448,0.7565777,0.25740173,0.57020235,0.429048,0.056613676,0.4697507,0.23983325,0.5226937,0.27640697,0.83207625,0.20557676,0.38379106,0.0,0.83017194,0.04901751,0.26396236,0.28035513,0.11473139,0.0,0.43533325,0.48380294,0.33555686,0.17522427,0.14033072,0.71711487,0.70578045,0.2074964,0.5163653,0.23006348,0.5259331,0.12402992,0.36241344
PL,0.22730643,0.3257744,0.39787555,0.22324832,0.00048616342,0.14987215,0.36877528,0.17264913,0.0,0.23257364,0.3489434,0.45209432,0.37300676,0.23394608,0.08069384,0.19577783,0.0,0.0,1.0437739,0.010627288,0.28345132,0.0,0.19002286,0.61256665,0.50852025,0.48971367,0.020322684,0.10950103,0.7979205,0.0,0.6112421,0.009564947,0.9122499,0.8087811,0.58292204,1.4011211,0.0,0.5851573,1.1386511,0.25334248,0.0,0.86018586,0.0,0.40413418,0.60126424,0.9637203,0.49835894,0.3205133,0.07689501,0.17317168,0.0,0.56199044,0.036553144,0.018483747,0.06577869,1.0895437,0.0,0.2557735,0.0,0.6523719,0.7034246,0.05185532,0.54667753,0.34633952,0.20192128,0.0,0.0,0.0,0.25482324,0.18759298,0.0,0.69512033,0.0,0.14939517,0.18061903,0.8468472,1.0945703,0.0,0.5532421,0.31442595,1.1024779,0.45485747,0.1973674,0.21816027,0.8362388,0.017290303,0.09401289,0.18864876,0.0,0.34913447,0.0,0.06495294,0.29050702,0.79916936,0.0,0.42251742,0.19000302,0.35596153,0.21339597,0.7087152,0.27575582,0.12170336,0.7167294,0.64811087,0.0347502,0.0015278291,1.0151036,0.7307676,1.096046,0.11267337,0.5748219,0.0,0.0,0.17502907,0.77818227,0.6859832,0.16402651,0.42780963,0.13232055,0.25871536,0.07740695,0.60860777,0.19343056,0.8460817,0.23651055,0.58303815,0.5277428,0.3527588,0.7328006,0.5144886,0.28206447,0.43622857,0.33914596,0.21040489,0.15315412,0.7891967,0.48879832,0.0,0.80879295,0.14181995,0.0,0.238303,0.63126653,0.0,0.59541583,0.22958672,0.24392655,0.12856354,0.2569996,0.54987043,0.46572685,0.26627243,0.3074165,0.19109097,0.58603024,0.24539614,0.3441322,0.7074357,0.5288556,0.53921443,0.64535415,0.27677044,0.24017555,0.33857974,0.4958727,0.6924892,0.53491616,0.7509815,0.0,0.12650372,0.39822477,0.5997785,0.42269847,0.62313116,0.29406,0.13187164,0.16929466,0.11229037,0.5839752,0.687112,0.458479,0.0,0.44660997,0.8382036,0.4594352,0.80896616,0.5622134,0.0,0.30732715,0.8096872,0.014879268,0.46229845,0.30540743,0.7602415,0.6619927,0.5055462,0.7859675,0.43969446,0.55268985,0.3166325,0.12696227,0.51484627,0.5213717,0.052761815,0.0,0.60300386,0.42455876,0.83096206,0.35984066,0.583271,0.63017005,0.27733958,0.2857404,0.062231682,0.22457604,0.44740754,0.0,0.40794417,0.0,0.82805556,0.8775431,0.0,0.0,0.092803895,0.38591835,0.37102386,0.6950829,0.0,0.0,0.20146611,0.0,0.87626237,0.61814207,0.17270981,0.75378406,0.15037587,0.33164987,1.0798954,0.05205897,0.0011517683,0.4222403,0.0,0.4975997,0.36850372,0.53395396,0.6902864,0.5696247,0.25915033,1.0251781,0.56375176,0.89644223,0.70340246,0.66306514,0.23369771,0.20548138,0.098394796,0.1689021,0.23541056,0.52762496,0.9575089,0.0,0.79839003,0.0,0.6694667,0.14095186,0.0,0.2808408,0.4140289,0.0,0.298987,0.60460263,0.15975502,0.4912558,0.6936517,0.0,0.40872627,0.0,0.47759858,1.0438992,0.11169984,0.05177146,0.2891453,0.093866155,0.3572834,0.036020234,1.4041858,0.45768437,0.37762424,0.0,0.40285498,0.0,0.19982903,0.4293946,0.112935,0.28935084,0.0,0.65754884,0.62565035,0.049976658,0.0,0.85775244,0.22849147,0.0,0.8208823,0.0,0.37637067,0.5562604,0.3773851,0.014137164,0.28555298,0.1530951,0.2668241,0.22951315,0.6999033,0.46081576,0.8237728,0.8526324,0.106848046,0.5285096,0.63826066,0.0,1.213251,1.1018871,0.14124766,0.37368962,0.88105035,0.28069627,0.4465972,0.1545799,0.21623395,0.35451075,0.0,0.040077697,0.42593962,0.84211934,0.9632695,0.23465584,0.3149111,0.0,0.611426,0.20502028,0.0,0.61689746,0.0,1.173279,0.23978186,0.24580401,0.6904735,0.34132618,0.65401465,0.1930148,0.30174625,0.36383432,0.62349916,0.45485952,0.74756217,0.35305113,0.28560245,0.1878641,0.7179607,0.31144387,0.0,0.9505036,0.65126574,0.47536328,0.80886644,0.64881754,0.119833395,0.25502706,0.014317412,1.199684,0.0,0.63708377,0.2195697,0.36783284,0.15131472,0.9286158,1.351273,0.5783854,0.74727565,0.6603155,0.46320325,0.70549375,0.9004315,0.21540226,0.5704823,0.67441475,0.67475116,0.50332314,0.69833297,0.13201824,0.75141114,0.27036473,0.3006003,0.37483108,0.0,0.17278132,0.87132096,0.15076613,0.08096413,0.0,0.36345592,0.2396654,1.1096494,0.0,0.30536717,0.63985187,0.017896583,0.5002705,0.0,0.51493406,0.3707235,0.0,0.0,0.0,0.4307446,0.15686631,0.72673005,0.30623782,0.0,0.1277922,0.0,0.0,0.7447663,0.0,0.20062815,0.7407577,0.0,0.1515116,0.0,0.2164654,0.7833274,0.0,0.0,0.6782362,0.23106968,0.0,0.0,0.59877455,0.10003005,0.72342736,0.0,0.49934718,0.0,0.80348295,0.08768782,0.14389028,0.0,0.424284,0.5842963,0.6570076,0.61436635,0.99750316,0.072015345,0.49194065,0.0,0.35883448,0.5432612,0.24670671,0.08950059,0.4464775,0.14716525,0.7543517,0.47209358,0.7193149,1.140923,0.8293047,0.4586477,0.4750227,0.0,0.15942419,0.2277318,0.0,0.4982272,0.080526546,0.25508666,0.024794057,0.47711655,0.0,0.06647195,0.1789046,0.80875343,0.10630188,0.0,0.21845005,0.0,0.087014034,0.4309207,0.28803203,0.0,0.4123722,0.7776944,0.23120783,0.7272329,0.07630413,0.5381454,0.19296932,0.31718296,0.0758075,0.37958026
ILA,0.18006018,0.41444474,0.34835717,0.28470755,0.0,0.0832817,0.2776182,0.14316384,0.0,0.27625418,0.3396244,0.4514049,0.2217683,0.2550119,0.0,0.047370102,0.0,0.07635046,1.0537242,0.0,0.23177361,0.0,0.21531597,0.5501483,0.5522344,0.55343753,0.0,0.11007162,0.8402352,0.0,0.62455094,0.07780409,1.0628535,0.7744377,0.6444658,1.3030033,0.0,0.66896886,1.1748228,0.3151431,0.0,1.029384,0.0,0.42779896,0.5411729,0.9242116,0.33689374,0.23178017,0.14603652,0.0,0.0,0.6921074,0.07314374,0.05566826,0.16498283,1.2451507,0.0,0.1125335,0.0,0.62991244,0.6658567,0.15403914,0.51306474,0.16030528,0.11675561,0.0,0.007038921,0.004336931,0.24888639,0.18459374,0.0,0.8927053,0.0,0.06279999,0.1027917,0.8889558,1.0533,0.0,0.5899805,0.37728965,1.2555416,0.55357605,0.14786279,0.082432106,0.94344676,0.023230786,0.25801778,0.14668065,0.0,0.20592326,0.0,0.048018727,0.38718128,0.9142068,0.0,0.48542833,0.28917387,0.35815796,0.19219424,0.7409491,0.20783128,0.076199636,0.5921308,0.6939628,0.0014742333,0.0,1.0596863,0.63323355,1.2021711,0.115072414,0.6287469,0.0,0.0,0.23416463,0.81603837,0.50885487,0.096098214,0.42410788,0.06796939,0.17341948,0.08066663,0.5447353,0.18811703,0.8717312,0.2365858,0.519574,0.38746816,0.34002808,0.7865783,0.41631842,0.25645867,0.40822244,0.38227075,0.17882966,0.12743865,0.8711568,0.44381174,0.0,0.76369524,0.056130007,0.0,0.2553244,0.81178,0.11303136,0.6117368,0.15561053,0.14642614,0.0864586,0.3367625,0.56573087,0.2855707,0.18083893,0.25203288,0.26290813,0.78726923,0.21269482,0.41917714,0.70039845,0.39007127,0.44868234,0.62906843,0.20767659,0.21806556,0.41331592,0.40952906,0.56588954,0.5693436,0.79476494,0.0,0.015987366,0.49504888,0.6535649,0.37689576,0.77503514,0.10798475,0.020804036,0.2144405,0.033380136,0.5767887,0.6980245,0.4136805,0.0,0.53768945,0.93739396,0.62423116,0.7273282,0.4170354,0.0,0.25124547,0.8169898,0.0,0.59453684,0.32886672,0.9173067,0.5796125,0.38934565,0.8472715,0.42322892,0.57346874,0.4011796,0.030315958,0.4603398,0.52198744,0.032159187,0.0,0.57567865,0.42677122,0.8246922,0.6378257,0.63686717,0.639971,0.2647908,0.46235764,0.011289008,0.25218108,0.48120266,0.0,0.34462595,0.0,0.63299286,0.8868489,0.0,0.0,0.062376175,0.35634893,0.25480816,0.8298264,0.0,0.0,0.23900245,0.0,0.983741,0.5000358,0.10438369,0.67977464,0.21702383,0.23435602,1.2672927,0.012796166,0.11573773,0.3316888,0.0,0.5664632,0.35704562,0.535689,0.7186117,0.63047177,0.20500876,1.0199801,0.5090611,1.0702516,0.6014131,0.77447754,0.20640858,0.06447645,0.16121872,0.024050131,0.24476498,0.51977104,1.102131,0.0,0.7998505,0.0,0.66636026,0.101346925,0.0,0.3736825,0.42371026,0.0,0.2714727,0.5230333,0.21748309,0.43622,0.6859593,0.0,0.4810475,0.0,0.31527236,1.246978,0.105291724,0.0,0.13879706,0.039482012,0.3095639,0.18028858,1.5185452,0.55647206,0.3733016,0.0,0.25481394,0.0,0.22891973,0.57608277,0.15863834,0.42151138,0.0,0.5442821,0.5731918,0.11936882,0.0,0.93816096,0.1993484,0.0,0.9049049,0.0,0.29241368,0.5951805,0.40959513,0.0,0.24420992,0.15903282,0.29295048,0.32435006,0.75961536,0.6128594,0.9274814,0.9707555,0.12367353,0.444414,0.4654098,0.01936045,1.3067957,1.2380286,0.24387208,0.37950614,0.9407237,0.30618268,0.3007096,0.00018926221,0.16843793,0.49062768,0.0,0.033770334,0.52810925,0.90604573,1.0927124,0.24805877,0.26106912,0.0,0.75967443,0.10102606,0.0,0.7255841,0.0,1.2826611,0.1817387,0.2934637,0.62392443,0.32369053,0.5573986,0.22370231,0.13212216,0.522885,0.537426,0.5638228,0.7608825,0.23790151,0.21794565,0.16583279,0.87777346,0.24947912,0.0,0.9640498,0.51117194,0.5206546,0.895205,0.68793005,0.010397879,0.29819542,0.13144603,1.3665576,0.0,0.5357172,0.21161294,0.2597285,0.13250397,0.9614268,1.2571019,0.7244538,0.7153966,0.8411643,0.399606,0.74292606,1.086846,0.19522828,0.6864216,0.6501769,0.6646466,0.5759892,0.54176456,0.25066632,0.68291664,0.32764384,0.29150048,0.44628763,0.059263393,0.09729886,0.90046334,0.14959835,0.0,0.0,0.2796742,0.24888097,1.2789193,0.0,0.3012723,0.66240346,0.0,0.5510633,0.0,0.4762918,0.29230025,0.0,0.0,0.0,0.35590503,0.19119309,0.70798177,0.30131933,0.0,0.105384044,0.0,0.0,0.80955577,0.0,0.14755364,0.75919133,0.0,0.17213322,0.0,0.16929217,0.9359804,0.0,0.0,0.7544238,0.20791063,0.0,0.0,0.4894175,0.15937996,0.6824885,0.0,0.6223654,0.0,0.7849059,0.0,0.19307923,0.0,0.3468441,0.49964246,0.7897391,0.7523258,1.1302123,0.044469588,0.47892836,0.0,0.44940397,0.6033125,0.22974305,0.0741442,0.42685184,0.008419033,0.8414303,0.6512528,0.65984756,1.2948037,0.93343437,0.4159079,0.31020963,0.0,0.24929029,0.119490884,0.0,0.6200356,0.0,0.4147114,0.031353127,0.6090977,0.0,0.15506378,0.21672629,0.7217369,0.0,0.0,0.3568646,0.0,0.0,0.3759813,0.14290626,0.0,0.37865835,0.6217143,0.37963933,0.7933114,0.0049323887,0.66711545,0.20113538,0.2706247,0.04143919,0.3168461
ORBl,0.1542891,0.12594545,0.24510847,0.17288958,0.3135793,0.18876445,0.42715254,0.0,0.18695116,0.18063003,0.18125091,0.3240728,0.20847343,0.18406108,0.30011192,0.2049267,0.0,0.067651786,0.30717558,0.0,0.35470262,0.0,0.21225321,0.10801785,0.07926869,0.23092821,0.17345685,0.20039016,0.19509348,0.26293117,0.20297019,0.18405889,0.0,0.31280306,0.27920225,0.58191997,0.07352003,0.25619742,0.1620992,0.17245287,0.2674687,0.24891512,0.0,0.17010342,0.257696,0.19110583,0.2661294,0.3717991,0.17389707,0.42076358,0.09525737,0.0,0.30901223,0.17770839,0.13617611,0.19723532,0.35555837,0.14193967,0.11506833,0.36687192,0.31070876,0.1353673,0.24348594,0.2463474,0.21365646,0.1266661,0.12503807,0.19616193,0.34576988,0.14736329,0.2897999,0.027318725,0.1886481,0.32289815,0.27629468,0.19643632,0.34661788,0.1851345,0.0,0.20832726,0.19845855,0.20802379,0.20320341,0.32669055,0.13177755,0.189345,0.11033982,0.0011432869,0.0,0.22942446,0.03380807,0.24299291,0.13523047,0.4366391,0.09200676,0.20862183,0.0,0.26701108,0.32617667,0.08206942,0.22547774,0.07848885,0.43692145,0.087377675,0.0,0.14077072,0.24428111,0.15428768,0.08521927,0.2646515,0.16238631,0.0064146863,0.0,0.16892388,0.30390695,0.35541576,0.1882185,0.33249155,0.12287959,0.25513458,0.23485124,0.2723426,0.25327703,0.1571495,0.31424463,0.36723775,0.4791044,0.0721037,0.27791938,0.1302801,0.2500505,0.10717364,0.42959133,0.21679525,0.15716903,0.28465873,0.4610134,0.0,0.33639976,0.08990398,0.051289447,0.14175633,0.16173542,0.07008476,0.24617492,0.16729969,0.37696624,0.12250497,0.0011406103,0.006163221,0.16665807,0.21451922,0.26237208,0.3065369,0.0,0.2657146,0.18349221,0.17591693,0.18192264,0.20203489,0.25091794,0.41627717,0.14371118,0.23735747,0.34109652,0.4565981,0.13846472,0.2200452,0.0,0.22516079,0.08234969,0.15595731,0.096516535,0.015361739,0.20631257,0.16225159,0.25256348,0.28674445,0.20664175,0.10372639,0.3706544,0.15663241,0.10982403,0.22267382,0.11415237,0.5279963,0.21241571,0.0,0.010757729,0.3021571,0.19951908,0.022321625,0.105140984,0.10152134,0.37581336,0.36471128,0.12682709,0.2038179,0.1230928,0.016471483,0.5036606,0.20004694,0.203631,0.0643928,0.04074569,0.1542397,0.11481142,0.08224669,0.0,0.16542731,0.17241079,0.19508946,0.05218981,0.06930015,0.17714591,0.07682189,0.0,0.14064611,0.037116103,0.10535755,0.11162795,0.16992834,0.0,0.34708327,0.24149428,0.19686455,0.0,0.21985392,0.16951491,0.14317986,0.108624235,0.47327888,0.26574913,0.03522191,0.37156507,0.059673406,0.30595148,0.2879519,0.13387547,0.0,0.16382366,0.0,0.23039693,0.19795576,0.4468018,0.27899802,0.27847707,0.14667213,0.34762388,0.2579132,0.11422101,0.174569,0.049920607,0.23194073,0.32852077,0.06974462,0.2557976,0.068836704,0.0844112,0.37753522,0.0,0.11385243,0.5171437,0.13334687,0.21418932,0.117224276,0.12675914,0.018903792,0.35719335,0.4411883,0.23984702,0.2678302,0.18533388,0.24781659,0.0,0.32380024,0.10433327,0.26960674,0.10933471,0.07610494,0.039701078,0.47615275,0.35912186,0.048536498,0.0,0.5705113,0.20252848,0.084321156,0.14175177,0.17017497,0.09117319,0.1760561,0.06201737,0.119684845,0.15049958,0.15417293,0.5039333,0.32985595,0.020340461,0.30935708,0.28868863,0.19280279,0.0,0.07982541,0.053807184,0.022903461,0.11932775,0.2541958,0.0439002,0.15621312,0.11492598,0.16746393,0.14428937,0.26422852,0.2970051,0.24587362,0.097223595,0.27266958,0.49546656,0.40514562,0.055744927,0.28126326,0.12493155,0.032504093,0.26962674,0.1566064,0.18402798,0.29774746,0.29471493,0.2331413,0.1673617,0.0,0.2301725,0.12238204,0.067006424,0.03042398,0.04847089,0.16860093,0.18611422,0.07035482,0.31975332,0.26913905,0.2715239,0.25899,0.18017443,0.082898855,0.107485235,0.2969975,0.123374,0.14381757,0.31557322,0.3506382,0.11128076,0.20914593,0.28967577,0.16435087,0.37114653,0.114404514,0.09829804,0.11684842,0.2701365,0.0,0.39374197,0.43150374,0.05156083,0.31539133,0.0632987,0.29371348,0.27134126,0.09917353,0.22046295,0.18819998,0.39724252,0.31475255,0.43217248,0.09758071,0.282315,0.4028012,0.09452769,0.12864573,0.14314614,0.307374,0.34845757,0.24484935,0.16733605,0.26006544,0.11557958,0.15801823,0.095651105,0.2419453,0.21345653,0.21092033,0.2359841,0.1026626,0.29515067,0.068713255,0.18939364,0.16271038,0.21198498,0.0,0.0,0.18839055,0.1499362,0.080967,0.0,0.031281136,0.21111503,0.2867202,0.0,0.0,0.22903895,0.24169843,0.0,0.0,0.06819166,0.11898552,0.060016368,0.21379879,0.18602058,0.089388415,0.028742677,0.0,0.15610737,0.16370198,0.0,0.08093928,0.005638264,0.0,0.09120256,0.07123459,0.22574757,0.0,0.07092331,0.016699787,0.24640062,0.17616108,0.0894149,0.0,0.5347482,0.026809175,0.20077154,0.031942178,0.2555267,0.0,0.0477992,0.33987138,0.059939835,0.09938046,0.494309,0.14605494,0.068719156,0.10174292,0.120418705,0.1932702,0.31214014,0.0,0.201983,0.18253809,0.06540313,0.08053027,0.22062139,0.20510046,0.058929328,0.07677376,0.40952712,0.1044467,0.29201794,0.15086071,0.46982664,0.29789454,0.30421153,0.13611045,0.23598206,0.0,0.08312662,0.23482887,0.0,0.14103083,0.108601965,0.1487033,0.0,0.097387224,0.32687324,0.15154073,0.19462757,0.11155894,0.053478632,0.08402218,0.25205562,0.38531297,0.14310086,0.27351707,0.2534526,0.16752891,0.22033268,0.24262643,0.21305944,0.26519406,0.27078113,0.14849934
ORBm,0.2663585,0.3497822,0.41204894,0.30772594,0.09500341,0.2463611,0.35043013,0.058340047,0.0,0.14149094,0.27145833,0.38796526,0.361012,0.3669784,0.16237551,0.12396586,0.0,0.055698525,0.9735813,0.0,0.33617634,0.0,0.19694111,0.50399387,0.4605908,0.51114106,0.05845801,0.121667705,0.7984646,0.0,0.53806716,0.03389154,0.7349355,0.9710147,0.50346506,1.4759959,0.0,0.64023435,0.9583987,0.23011503,0.0,0.65010464,0.0,0.45799828,0.53540844,1.0595529,0.51664925,0.36294657,0.044503696,0.16333215,0.0,0.49194404,0.104518615,0.14456104,0.014854099,1.0371306,0.0,0.27593276,0.0,0.7279746,0.68413603,0.0,0.58313286,0.43739375,0.12083957,0.0,0.0018804222,0.0,0.21443368,0.20509207,0.0,0.7446835,0.049988486,0.12855688,0.26453248,0.90047824,1.1882089,0.15249585,0.45469934,0.4900601,1.0049236,0.5094247,0.09963412,0.30947238,0.6920337,0.0,0.081871256,0.12645575,0.0,0.37668464,0.0,0.15516503,0.23479189,0.8223445,0.0,0.37779945,0.12485209,0.35262936,0.38011268,0.67674077,0.23145904,0.0,0.85161805,0.49763018,0.07619103,0.0,0.9823472,0.885589,1.0404388,0.12915447,0.4866212,0.0,0.0,0.21427572,0.8357268,0.7646177,0.17136775,0.43521038,0.149674,0.2111319,0.054055758,0.56677186,0.12021828,0.84499687,0.22486681,0.5692756,0.4935665,0.21413934,0.6277071,0.46844673,0.21088563,0.4645754,0.30079833,0.14243886,0.12382759,0.871662,0.588256,0.0,0.78889036,0.14185277,0.0,0.3129868,0.67773896,0.0,0.727279,0.26702714,0.42849585,0.03617408,0.25616995,0.51801914,0.45060223,0.18857974,0.19623357,0.36932582,0.5206298,0.14303133,0.29733375,0.70832545,0.41579735,0.411501,0.51770884,0.4295965,0.23364952,0.4064753,0.54701185,0.7149068,0.6143124,0.77241063,0.0,0.13896152,0.4200348,0.57211727,0.41490504,0.6672632,0.34040523,0.2998017,0.39150336,0.26017952,0.4994483,0.7118672,0.3511498,0.008753467,0.3797883,0.88101715,0.5065682,0.8920596,0.696545,0.0,0.22030039,0.6736886,0.0101126395,0.36992478,0.34010625,0.7434917,0.60055035,0.48516107,0.8072193,0.36841175,0.521424,0.1530135,0.020243831,0.51432085,0.42920202,0.09299996,0.0,0.5753646,0.39320806,0.78155744,0.34732953,0.6222502,0.5878136,0.19506225,0.31252444,0.16776703,0.0,0.59510374,0.0,0.3451629,0.0,0.8640147,0.8839071,0.0,0.0,0.15035969,0.4688808,0.31643903,0.77734035,0.0,0.0,0.24166329,0.0,0.99479836,0.42706624,0.10237594,0.7433131,0.05529601,0.35558,1.0719771,0.027555231,0.0,0.50179523,0.0,0.63441306,0.3152822,0.70562494,0.77470165,0.5421713,0.31980258,1.0074705,0.64028895,0.74404377,0.75948256,0.5303122,0.21865234,0.22673449,0.22944188,0.12637115,0.18815646,0.4627583,0.98543096,0.0,0.84301066,0.076098084,0.6891703,0.20495774,0.0,0.42547348,0.28261843,0.0,0.40842006,0.46960983,0.20352219,0.5400629,0.7715657,0.0,0.29594374,0.0,0.39023545,0.9783516,0.20247963,0.059909414,0.21559173,0.17158857,0.4339617,0.0,1.5596092,0.511748,0.35305735,0.0,0.5000098,0.0,0.1945865,0.15528965,0.0,0.30584198,0.0,0.6770135,0.7375671,0.009454139,0.037742388,0.893061,0.29930604,0.0,0.7593549,0.0142199695,0.3858296,0.5864511,0.34464335,0.007992297,0.36273766,0.07475708,0.23128805,0.24981348,0.6606627,0.5504847,0.9676418,0.8741386,0.04184984,0.710713,0.6843899,0.0,1.1481293,1.0639409,0.050769374,0.41912988,0.8002418,0.2720708,0.4951111,0.22375758,0.2468055,0.4258715,0.0,0.104957715,0.4617898,0.7275653,0.88774043,0.2868204,0.367845,0.0,0.56743884,0.23823613,0.0,0.6331462,0.0,1.1829566,0.2361351,0.14996514,0.8243682,0.24065529,0.6861926,0.14121792,0.46408147,0.23563713,0.6213601,0.42606032,0.63762283,0.4154025,0.22023763,0.27086678,0.7111696,0.35014153,0.006030718,0.9786991,0.7715976,0.5152207,0.7756007,0.58825696,0.47337162,0.4098937,0.019707177,1.1656386,0.1543388,0.7402801,0.094386145,0.4324615,0.20675977,0.83134806,1.4531608,0.4097199,0.72257185,0.66011655,0.44702807,0.68565303,0.93831533,0.05907926,0.47199327,0.5108306,0.7156822,0.5559343,0.76028043,0.15322894,0.6658221,0.23774149,0.3915932,0.3619104,0.0,0.19696933,0.8006923,0.16266713,0.13201925,0.0,0.29237908,0.12220199,1.1117809,0.0,0.19840005,0.6707913,0.11156392,0.43672827,0.0,0.5991253,0.23516627,0.0,0.0,0.0,0.40950575,0.13825701,0.6482675,0.32548296,0.0,0.09485974,0.0,0.06879128,0.67053235,0.0,0.06759123,0.5734098,0.0,0.059424937,0.0,0.15875177,0.54782826,0.0,0.0,0.75622445,0.23067749,0.0,0.0,0.70051795,0.043946553,0.78419656,0.051044416,0.5415992,0.0,0.71596706,0.1060683,0.0,0.0,0.49199748,0.46917865,0.43754005,0.5170756,0.89524436,0.067723826,0.4824483,0.0,0.27398193,0.65648985,0.4104123,0.047130328,0.35823756,0.20947015,0.83051115,0.5355028,0.8147082,1.0448482,0.8631753,0.50085145,0.53698033,0.0,0.096786894,0.18492019,0.0,0.5224753,0.09968479,0.34853706,0.0,0.54894143,0.017284451,0.061542705,0.16679317,0.8519895,0.1334657,0.0,0.25583407,0.05801168,0.0022341982,0.29705504,0.31796455,0.0,0.24498881,0.65366167,0.117816105,0.8704627,0.2845551,0.44407773,0.1049452,0.45285708,0.0,0.53586805
ORBvl,0.041250568,0.08537583,0.24860846,0.22544153,0.1118613,0.040156223,0.3948302,0.0,0.0,0.122222245,0.1532621,0.3491342,0.19462512,0.22283065,0.03382715,0.27707785,0.0,0.02110057,0.738754,0.06033158,0.33119413,0.0,0.22736014,0.31353256,0.22789627,0.4983094,0.0,0.18670085,0.35875252,0.025785865,0.15995432,0.16425033,0.31524217,0.4725006,0.43722177,1.0672313,0.024977088,0.3129474,0.610793,0.012696119,0.012445707,0.4437594,0.0,0.07156622,0.31476343,0.6428987,0.34967926,0.2869152,0.0,0.26820362,0.0,0.105438314,0.012418738,0.13019697,0.0,0.5043323,0.12512256,0.24428008,0.0,0.48418656,0.5089793,0.043778285,0.53542024,0.14269975,0.17278987,0.0,0.0,0.0,0.06884161,0.07826353,0.0,0.312191,0.044229977,0.0,0.09580386,0.53527844,0.8591515,0.05144862,0.24191883,0.2587313,0.44696522,0.044990927,0.18527454,0.16423129,0.44552743,0.00893894,0.0,0.04129054,0.0,0.14215349,0.0,0.12610775,0.088433616,0.64590603,0.0,0.10106261,0.0,0.26554984,0.28252405,0.34665328,0.10901884,0.03840344,0.50601965,0.4031481,0.015471244,0.0,0.70291275,0.5390867,0.47522753,0.10100758,0.0944605,0.0,0.0,0.0,0.5283292,0.5379398,0.10549332,0.421685,0.18903068,0.20682767,0.0,0.19651434,0.11603361,0.48656636,0.20073158,0.45764756,0.4519474,0.1613642,0.47957745,0.33643365,0.17189007,0.219591,0.23112638,0.09808989,0.0,0.32236046,0.5113557,0.0,0.5198258,0.21385445,0.0,0.121049196,0.44233572,0.0,0.48306695,0.1962429,0.35381263,0.14938763,0.0,0.2943726,0.26336318,0.04262981,0.3084044,0.12973447,0.18631428,0.0,0.12346981,0.44693935,0.16173016,0.31882864,0.2599743,0.2920544,0.2023251,0.051173408,0.5107849,0.54222476,0.31059206,0.45107234,0.0,0.06860827,0.12249112,0.34589073,0.16416875,0.25941443,0.24350767,0.12578937,0.27919793,0.29921508,0.39649498,0.37521607,0.17447717,0.0,0.2745392,0.32792345,0.09486851,0.72517186,0.31689084,0.0,0.038140975,0.38795263,0.10923896,0.0812723,0.1401735,0.26473826,0.4702067,0.3814782,0.53806955,0.12744263,0.271055,0.047867022,0.015221715,0.45228526,0.3282251,0.08744031,0.0,0.39324525,0.12992394,0.44050992,0.08609788,0.33620918,0.5027677,0.061961737,0.0,0.02097956,0.047634948,0.16029891,0.0,0.048973262,0.0,0.541598,0.3035086,0.0,0.0,0.25699964,0.32959136,0.2766229,0.35151234,0.0,0.0,0.11921069,0.0,0.5529219,0.4333413,0.12822665,0.5093011,0.037647784,0.20366491,0.5024321,0.072133824,0.00808371,0.22519186,0.014734913,0.28692248,0.21315268,0.4495205,0.48868537,0.29784918,0.1824363,0.7523261,0.22679202,0.47254735,0.5109899,0.23360789,0.11345369,0.19810855,0.15753365,0.23912002,0.18614405,0.2823487,0.49136603,0.0,0.50082856,0.066562414,0.2506748,0.18419765,0.0,0.109966025,0.19734217,0.0,0.36937395,0.12485774,0.014621345,0.28201455,0.3786377,0.0,0.26210228,0.0,0.33543926,0.532206,0.067083985,0.038384862,0.41696197,0.2359712,0.11013161,0.0,1.0133239,0.27394205,0.13743097,0.0,0.23652796,0.0,0.008781353,0.07293096,0.0,0.014782688,0.0,0.67760384,0.37886244,0.0,0.028882962,0.48388132,0.1458777,0.0,0.33660197,0.0,0.17820947,0.39515704,0.19712804,0.004009694,0.13954468,0.25256246,0.10786646,0.0,0.31051454,0.1322437,0.5754927,0.5316915,0.03409263,0.46860155,0.61154765,0.0,0.4864975,0.45536506,0.0,0.13690263,0.54756266,0.04277673,0.36848253,0.2621954,0.21222417,0.15708356,0.0,0.0,0.15071133,0.34956154,0.33106717,0.17130087,0.21976654,0.0,0.24716018,0.19952135,0.0,0.30552006,0.0,0.6652015,0.1345509,0.0,0.5805655,0.25056028,0.47805834,0.1318261,0.2491329,0.09289586,0.30353677,0.33299768,0.43350497,0.43666714,0.03775884,0.1450335,0.32632527,0.2901224,0.0039651487,0.60802126,0.62788105,0.3012342,0.41040164,0.35960966,0.09994379,0.108990185,0.11957799,0.7125941,0.099660285,0.45785955,0.12120859,0.48928672,0.28048015,0.63170195,0.83578396,0.28062397,0.4285009,0.38424066,0.14979433,0.334685,0.3530424,0.0,0.24125794,0.40707245,0.37294447,0.2414906,0.5641584,0.009691495,0.35775462,0.012279031,0.3425372,0.2757651,0.0,0.16782576,0.31106013,0.07563023,0.13311179,0.0,0.22687426,0.0,0.6133713,0.0,0.17792478,0.4767783,0.0021443497,0.34097308,0.0,0.31395587,0.20443274,0.0,0.0,0.01537722,0.36279458,0.0,0.35815117,0.11838557,0.0,0.0,0.0,0.0880907,0.40294954,0.0,0.21860059,0.33705413,0.0,0.05385442,0.0,0.10846023,0.28215665,0.012714358,0.0,0.39704227,0.069799684,0.0,0.0,0.48431104,0.0,0.51938903,0.0,0.32179424,0.0,0.35244328,0.22232696,0.035550527,0.0,0.35839656,0.27021366,0.40247196,0.17931798,0.5329311,0.034673635,0.24544854,0.0,0.26718482,0.26179045,0.29956067,0.033810012,0.259747,0.24318573,0.33747637,0.06755701,0.51616424,0.6550601,0.46341944,0.09643784,0.5178464,0.0,0.10010795,0.090549484,0.0,0.22681451,0.18798049,0.16552825,0.0,0.29900396,0.0,0.06302373,0.0,0.5241594,0.07377736,0.0,0.022635141,0.0,0.06412293,0.1067277,0.2588294,0.0,0.101186216,0.38631588,0.21265076,0.36394736,0.1628074,0.2655208,0.036186993,0.24281,0.15240726,0.32362556
MOp,0.25054455,0.139669,0.17056687,0.1282623,0.45275941,0.21681583,0.5213963,0.0,0.38231027,0.3759799,0.1801816,0.400927,0.3606188,0.22452772,0.3217695,0.3924198,0.0,0.20602481,0.18758099,0.0,0.5803656,0.0,0.30151978,0.11397311,0.0927126,0.23747963,0.2571848,0.5820289,0.15587713,0.48068386,0.14756466,0.3626665,0.09428218,0.025712729,0.3727103,0.5963772,0.44493,0.19012763,0.16761217,0.11597912,0.29986,0.24265288,0.0,0.10868381,0.17929524,0.26918727,0.26974,0.33599916,0.17734078,0.43924907,0.045050167,0.003837565,0.31778643,0.40483356,0.21765913,0.05543503,0.58916545,0.24255894,0.25607142,0.38243768,0.113942206,0.25757456,0.034194786,0.21545489,0.49110267,0.0951754,0.29188323,0.30368534,0.49339378,0.25978452,0.27871585,0.0,0.44722712,0.36172473,0.38770327,0.0,0.32101506,0.06924933,0.10993735,0.1073321,0.03572747,0.043996044,0.23641896,0.3299113,0.21278542,0.37576166,0.14364994,0.11985007,0.0,0.0,0.11891324,0.22906122,0.17350799,0.4472084,0.31791276,0.18663445,0.0,0.27575552,0.33675414,0.23393866,0.3984924,0.22236176,0.47097096,0.0,0.0,0.22034948,0.0,0.019199027,0.046055026,0.19881266,0.09723939,0.0,0.13823982,0.26435995,0.2533017,0.49551928,0.1471045,0.42451033,0.37674868,0.17898002,0.45449,0.18409102,0.3431297,0.15128572,0.44409797,0.3697764,0.40745342,0.2447425,0.26579496,0.36843503,0.28122097,0.013473794,0.3596353,0.33565897,0.15695652,0.0030649723,0.48737964,0.028945263,0.20082,0.11375828,0.0,0.12620497,0.23155254,0.13649674,0.237352,0.17693931,0.2780698,0.18955176,0.0,0.0,0.36807382,0.1717303,0.30654925,0.28565028,0.09313086,0.053764246,0.19610453,0.16848972,0.076399066,0.23654649,0.26191887,0.4454436,0.21125022,0.05010194,0.36242634,0.21042918,0.1114198,0.19033147,0.0,0.3401919,0.1056041,0.17729476,0.2097929,0.0,0.10911615,0.07787895,0.16200739,0.41347015,0.13072926,0.1066843,0.31113577,0.32874486,0.2697307,0.016571663,0.05039146,0.45212922,0.28265154,0.0,0.18047063,0.27011752,0.54426205,0.0,0.004952047,0.0,0.4886749,0.40673363,0.17664173,0.25128442,0.2559723,0.028043665,0.73301995,0.32263964,0.44432986,0.18969521,0.19664723,0.100720674,0.066333644,0.29070854,0.090564854,0.19248275,0.23560824,0.15510002,0.0,0.19071893,0.14173904,0.11519083,0.11739703,0.07572301,0.34758198,0.0,0.055932764,0.27200866,0.32333702,0.63967735,0.20295812,0.10664627,0.0,0.34782714,0.14813659,0.084296115,0.27648175,0.6056082,0.37363163,0.25318962,0.18124029,0.10350095,0.3486968,0.0,0.37178686,0.1856773,0.13755313,0.033599634,0.067849964,0.066977106,0.4835078,0.28984404,0.08388567,0.17451139,0.4484117,0.17538647,0.08437836,0.049615897,0.03509345,0.20453681,0.30148706,0.08403832,0.2764357,0.16128764,0.034045085,0.21315135,0.0,0.0,0.6716756,0.069603786,0.20587747,0.2991162,0.0,0.038669933,0.41625613,0.55099726,0.19622779,0.10410844,0.093953624,0.12560602,0.059795648,0.22395739,0.5324028,0.15715332,0.043878194,0.30825758,0.2932155,0.5240237,0.24101888,0.17218405,0.0,0.3536593,0.44857323,0.0,0.26733652,0.08637617,0.27791765,0.2092068,0.058937922,0.29159093,0.24896728,0.1414078,0.6286824,0.06766975,0.31171715,0.3556081,0.3301863,0.07219536,0.0,0.0009496808,0.0,0.09038328,0.2979908,0.4333205,0.28905126,0.19971378,0.34431276,0.19971573,0.050197586,0.15236916,0.44532242,0.12763801,0.07339082,0.22412395,0.2646631,0.50500643,0.0,0.043856405,0.09461679,0.017983494,0.1632705,0.044972517,0.0503132,0.39016682,0.3891878,0.34282976,0.28050244,0.0053613633,0.34962568,0.22574842,0.0,0.0,0.12443347,0.20389633,0.34084523,0.0,0.3985171,0.33076322,0.11997093,0.5004907,0.012404725,0.28119195,0.025927758,0.315581,0.11759646,0.09063454,0.39899382,0.24644613,0.09866525,0.15549514,0.4061982,0.07977653,0.55241174,0.0,0.20825,0.10434478,0.25069904,0.20180756,0.36831442,0.42490616,0.264645,0.2413629,0.044940427,0.23002769,0.29524598,0.21356249,0.0,0.0,0.37963945,0.3515259,0.5032554,0.29604942,0.24562283,0.4141237,0.31713086,0.11325824,0.1691024,0.02162705,0.14543582,0.030989595,0.22647917,0.29789042,0.12822098,0.12529235,0.22642094,0.10558152,0.26330203,0.06520796,0.17890666,0.095253535,0.32640484,0.00318392,0.10870584,0.04304169,0.36522308,0.25300953,0.119198516,0.1439223,0.13338298,0.0,0.0,0.12389515,0.2537487,0.32038838,0.0,0.0,0.1169649,0.24908598,0.19577281,0.0,0.28843814,0.23065907,0.052175023,0.20517075,0.14873545,0.2501954,0.17336838,0.13956554,0.0064363107,0.0,0.0,0.16900101,0.0,0.0,0.17133594,0.0,0.189804,0.0,0.10528515,0.344928,0.27543697,0.2586483,0.13016571,0.0,0.65260434,0.0,0.14240238,0.0,0.35459396,0.08017658,0.0,0.37351215,0.19689703,0.12938643,0.25921378,0.16423966,0.1635204,0.10594616,0.0,0.32318813,0.17035185,0.0,0.3013402,0.29360437,0.17976971,0.14995262,0.52876884,0.19714051,0.0,0.15181597,0.4133425,0.019573929,0.092912816,0.1613273,0.61345994,0.5781121,0.45143113,0.24658617,0.38989648,0.0,0.109206796,0.29939649,0.21619771,0.12401708,0.21476892,0.22537461,0.0,0.051239774,0.30993,0.29554373,0.21100679,0.28061283,0.021737255,0.21828222,0.2937021,0.5820352,0.18258248,0.24641518,0.5052558,0.038241673,0.19680089,0.26715428,0.23409171,0.14080375,0.27298108,0.0879644
MOs,0.1821013,0.13034391,0.29554868,0.18326339,0.23553248,0.089679,0.5274352,0.0,0.11900762,0.34652027,0.15507205,0.4860041,0.32005945,0.3497491,0.20878029,0.28705084,0.0,0.17481816,0.48347336,0.05112916,0.4906475,0.0,0.24986851,0.185299,0.14432079,0.3298538,0.1703679,0.35206294,0.27001235,0.21405719,0.34318757,0.20326604,0.20257705,0.32615855,0.35180402,0.9638524,0.31861073,0.20621002,0.46938956,0.21750844,0.077679455,0.4017013,0.0,0.08909498,0.20211105,0.5285039,0.32278523,0.40176153,0.008659184,0.3616108,0.0,0.16672625,0.15849116,0.36800563,0.12204167,0.3542354,0.30367532,0.21387234,0.12554629,0.52678186,0.23816611,0.014885861,0.30304545,0.3441483,0.30813363,0.021127667,0.057114445,0.15993933,0.32777965,0.1591065,0.056980092,0.1004898,0.19849646,0.16774735,0.3091576,0.1252395,0.6146512,0.020363733,0.2049052,0.21624604,0.3483291,0.07103851,0.046679046,0.18744484,0.49090248,0.19236833,0.0,0.10880544,0.0,0.020137208,0.0,0.29879543,0.1926,0.6461418,0.05183536,0.1662093,0.06374943,0.10192394,0.28737083,0.48056114,0.27998888,0.20687158,0.5781439,0.18159106,0.0,0.01669175,0.30128318,0.345129,0.33100173,0.095891535,0.11306672,0.0,0.0,0.0935523,0.5884209,0.5683772,0.098200604,0.44101351,0.2025452,0.120281786,0.17250699,0.25377768,0.41418272,0.5307388,0.4277701,0.4695917,0.32726455,0.12423427,0.3433364,0.46180993,0.20112532,0.14757372,0.14623462,0.2370132,0.045771018,0.23520947,0.4577095,0.0,0.45420346,0.24763155,0.0,0.10595704,0.5217384,0.0044131503,0.31155574,0.20446861,0.1879794,0.15625192,0.0,0.06441915,0.420348,0.021141786,0.2741031,0.28566942,0.2241906,0.040189378,0.0,0.54098314,0.061135016,0.3999916,0.32705125,0.30822447,0.29410324,0.09195083,0.48832786,0.3207643,0.19521803,0.39696243,0.0,0.37570184,0.11769538,0.16221651,0.2464629,0.17059381,0.11468254,0.08320418,0.1713768,0.29787397,0.34139138,0.35396713,0.20819877,0.24331313,0.24268982,0.40785944,0.14280877,0.5371931,0.2873845,0.0,0.13756596,0.383019,0.39370674,0.0,0.13070211,0.045283258,0.6243075,0.48022062,0.35529247,0.33005905,0.31244326,0.026847862,0.47059518,0.3877072,0.3105917,0.13619962,0.19280076,0.30261466,0.12503567,0.6278436,0.1106142,0.26274014,0.29649547,0.0056741014,0.0,0.13851891,0.028690021,0.19881,0.0,0.19556817,0.0,0.28830576,0.27523956,0.0,0.04738669,0.4397223,0.1906171,0.15397675,0.18588673,0.20098342,0.0,0.1254739,0.073795155,0.65368587,0.44896707,0.10944153,0.33655804,0.16858026,0.37669128,0.27952912,0.19113876,0.033545896,0.288966,0.04386777,0.22757983,0.12467449,0.6570824,0.4633324,0.27010286,0.19908132,0.5959009,0.26040167,0.31571472,0.29161906,0.15954873,0.03256513,0.3357366,0.014936697,0.3436697,0.067755155,0.10508014,0.46948934,0.0,0.26963875,0.37473577,0.17669223,0.09179412,0.07603276,0.171276,0.15662679,0.15361598,0.53465176,0.25562024,0.096346915,0.12809472,0.3060222,0.0,0.25330868,0.096339695,0.077048264,0.31249088,0.37244147,0.223264,0.35533777,0.207697,0.26228186,0.0,0.75394523,0.4420272,0.11046064,0.054739416,0.22366092,0.11672954,0.1626655,0.08128063,0.0,0.15615897,0.0,0.5969232,0.13893594,0.25701424,0.21563922,0.5601784,0.27412343,0.0,0.14369023,0.0,0.17077233,0.38766494,0.40645683,0.25456125,0.18814352,0.36843705,0.2308664,0.06591621,0.26215735,0.45127282,0.38786966,0.41295224,0.16716209,0.34056768,0.6494092,0.0,0.3254356,0.23759031,0.033131193,0.17938644,0.26819783,0.08260378,0.4476135,0.3669572,0.26955286,0.2303214,0.0,0.26333648,0.2947069,0.1505871,0.19202319,0.19484894,0.31173134,0.1442782,0.10075991,0.19550014,0.123616114,0.09816418,0.18824989,0.30682662,0.27655774,0.025469637,0.4839407,0.29349715,0.34719387,0.22344097,0.24561436,0.038352437,0.16391058,0.39146224,0.26864305,0.3665223,0.0065024123,0.24625465,0.29821023,0.19953464,0.15730178,0.4618494,0.5327274,0.42114326,0.42386645,0.2750991,0.1289889,0.24841225,0.15037832,0.47681162,0.029596664,0.45203656,0.28482327,0.5384418,0.22727872,0.4542116,0.86121374,0.42939392,0.22984189,0.47500902,0.11485256,0.104313344,0.26890686,0.0,0.40223294,0.3050767,0.2704273,0.35690773,0.28624576,0.14069569,0.24102408,0.12156171,0.2762814,0.4434319,0.0,0.103628054,0.2351013,0.31216347,0.19802746,0.021420933,0.22728023,0.13615316,0.34117076,0.0,0.12822853,0.23382568,0.10974719,0.23035009,0.0,0.19204335,0.2455284,0.0,0.0,0.18520688,0.1612047,0.043934017,0.3673931,0.09318432,0.0,0.14313178,0.08409576,0.0,0.1079303,0.0,0.20925353,0.10686948,0.0,0.046758376,0.0,0.16756566,0.19225374,0.03685254,0.020150013,0.4320074,0.19369072,0.0,0.0,0.678707,0.0,0.34720343,0.0,0.3697095,0.0,0.09278117,0.334527,0.08846602,0.0,0.16455793,0.24549589,0.32246852,0.19662483,0.21990284,0.21539879,0.2926624,0.0,0.34268895,0.3186014,0.39554942,0.13692343,0.33895078,0.29021177,0.30792886,0.2875954,0.6146216,0.43783924,0.3686602,0.2577958,0.65842575,0.14010862,0.38121003,0.26868355,0.14631741,0.13052808,0.1663397,0.20509003,0.0,0.36212745,0.18372993,0.15826297,0.0,0.38188788,0.16699664,0.06195667,0.1918911,0.11964629,0.12692487,0.2513764,0.31375396,0.30539793,0.2185033,0.25486243,0.3657842,0.28275016,0.20335285,0.26193434,0.12139328,0.1802289,0.15439163,0.23220825
SSp-n,0.6066897,0.1426653,0.0,0.6075454,1.0161486,0.6621181,1.0158644,0.4020887,0.829905,0.41791502,1.0383763,0.49086112,0.6957051,0.0,0.49248582,0.53883463,0.41244483,0.2151449,0.21856175,0.0,0.7210861,0.071620844,1.0716002,0.26362684,0.24763158,0.6463269,0.284633,1.0048229,0.17820564,0.93637466,0.1026581,0.49250448,0.46672344,0.15066792,0.8596534,0.63789225,0.44987875,0.49521595,0.13637057,0.13200477,1.039679,0.26647422,0.08951934,0.029866613,0.5964021,0.16254096,0.39616397,0.30276158,0.14173272,0.64040035,0.37411758,0.34514675,0.6179621,0.45153886,0.60885245,0.0,1.3252215,0.32106483,0.4773351,0.7169716,0.24673031,0.84979737,0.0,0.0,1.199783,0.18275437,0.66419977,0.49363524,0.71294665,0.83659005,0.5407214,0.16241983,1.0026,0.8552214,0.43531692,0.25348678,0.25852263,0.13910519,0.088237524,0.44140807,0.0,0.17430526,0.97128665,0.8770519,0.277756,0.6468148,0.55595523,0.42248738,0.0,0.27229998,0.44107696,0.14005604,0.41370648,0.41307282,0.5954722,0.29865927,0.0,0.9606608,0.49577639,0.15911315,0.96281713,0.3390465,0.37103525,0.00074461196,0.061456732,0.7457331,0.0,0.0,0.17357126,0.38000447,0.52551466,0.3896817,0.42725363,0.94991654,0.14991419,0.91380984,0.22978371,0.35312265,0.41880864,0.36434722,1.2180074,0.29580352,0.021992266,0.0,0.39695796,0.100012705,0.84779936,0.78580636,0.6337814,0.68552184,0.50504315,0.14916572,0.84607345,0.4843809,0.34912282,0.020234313,0.9062638,0.43749273,0.28136256,0.0,0.20836724,0.37684965,0.077130586,0.7022327,0.4726329,0.40238637,0.52651334,0.41341224,0.0,0.25778195,0.18618976,0.43105093,0.4436137,0.49611464,0.122844055,0.482215,0.81687963,0.36920756,0.42488092,0.040785335,0.46460423,0.8079916,0.0,0.4380844,0.7171619,0.31069952,0.4979945,0.0,0.0,0.18623763,0.57168657,0.38017797,0.38317513,0.0,0.09331394,0.3317579,0.20760602,0.9445251,0.0,0.1810206,0.38087052,0.42303884,0.46525258,0.0,0.0561887,0.7976365,0.48591328,0.0,0.25772864,0.34003282,0.6128541,0.0,0.1876845,0.282745,0.5854762,0.50059855,0.0662798,0.24604686,0.2755563,0.18512261,0.83597004,0.54956824,0.6430662,0.38864645,0.36346182,0.0,0.12952702,0.014567254,0.22551462,0.45112586,0.31402156,0.7102007,0.29973325,0.36579338,0.65988827,0.035269625,0.09589262,0.06220406,1.3829803,0.0,0.0,0.8526074,1.0120225,1.2418917,0.25254813,0.0,0.097619,0.39038536,0.7436097,0.05941595,0.6878071,0.90386957,0.4372741,0.6641186,0.0,0.0,0.29268023,0.0,0.73277694,1.0395509,0.31473517,0.0,0.5723641,0.34215316,0.47734746,0.5326428,0.060950592,0.48818347,0.543086,0.2567038,0.0,0.10150339,0.47384778,0.75283486,0.5211944,0.55910414,0.21982624,0.46130133,0.42257524,0.0,0.0,0.0,0.78478897,0.3711816,0.6415811,0.6360346,0.0,0.104246885,1.0046124,0.59746337,0.17057447,0.25688374,0.34729633,0.2239536,1.0557278,0.30657133,1.1736605,1.0306823,0.006897945,0.106638856,0.6066038,0.91307163,0.44515103,0.056538057,0.32223803,0.53147376,0.42914575,0.0,1.0685095,0.06616546,0.21932349,0.49786213,0.2455338,0.8270457,0.57119817,0.38688135,0.9942378,0.25989562,0.66637444,0.893464,0.3361149,0.0,0.0,0.062475152,0.15602015,0.042647604,0.2258603,0.5685229,0.27250662,0.2944956,0.53093714,0.562304,0.4259404,0.38028237,0.35725927,0.270154,0.0,0.2005625,0.3299134,0.77060497,0.3668352,0.0,0.34847292,0.0008486137,0.0706899,0.18884587,0.24176298,0.6383746,0.4728191,0.5736425,0.702272,0.14314911,0.62317526,0.4601948,0.0,0.0,0.18207657,0.3656889,0.61612654,0.059223697,0.8686599,0.7126264,0.71410495,1.1091833,0.3436414,0.5032731,0.28319362,0.062253963,0.0,0.0,0.51749116,0.5872622,0.7833685,0.89424866,0.8152203,0.2254655,0.9574071,0.384611,0.13741882,0.0,0.34379405,0.33822984,0.5150945,0.54255986,0.27969176,0.31454813,0.0,0.47103918,0.8509002,0.5151549,0.0,0.19270489,0.602609,0.6878733,0.732689,0.7223232,0.7187343,0.5267199,0.7099197,0.24255827,0.28007755,0.19503304,0.6098606,0.0,0.9297001,0.10011903,0.24109127,0.3852269,0.13786612,0.10570529,0.48488727,0.0,0.68945843,0.13980916,0.59363526,0.4432323,0.27347872,0.40348154,0.77109164,0.35531232,0.070599645,0.038675603,0.22017656,0.0,0.0,0.26529306,0.57992697,0.7641432,0.0,0.03908093,0.47498286,0.44991302,0.55700856,0.0,0.43644065,0.5804003,0.04897819,0.3456081,0.42826343,0.86620593,0.25937632,0.21417125,0.5062998,0.103592634,0.0,0.32609138,0.0,0.0,0.7154907,0.19334081,0.7274648,0.0,0.31076378,0.4120813,0.44016322,0.5094832,0.2601312,0.0,1.1547178,0.26731214,0.12893206,0.0,0.3966777,0.3990001,0.0,0.06642023,0.31793863,0.663331,0.467781,0.7541403,0.28751174,0.2634077,0.15683717,0.52904445,0.124950305,0.0,0.6394407,0.20526174,0.0,0.22993296,1.0804337,0.111190245,0.2878753,0.34842438,0.38419983,0.08431738,0.0,0.03852622,0.3940315,1.619052,0.63391113,0.70109093,0.7659887,0.0,0.167129,0.6785353,0.93193686,0.0,0.2986808,0.21538731,0.0,0.07730062,0.81072664,0.9375554,0.32797363,0.34002888,0.0,0.55587786,0.93183005,1.1380156,0.31356785,0.5678873,1.0355297,0.05704728,0.06452465,0.73432136,0.4997894,0.33594173,0.7513419,0.0
SSp-bfd,0.40226996,0.14510608,0.0,0.41099116,0.6810836,0.37863195,0.63649416,0.40213767,0.47074795,0.17990339,0.63368607,0.28646147,0.43375793,0.0,0.32048455,0.4678544,0.3067006,0.2518015,0.11802891,0.0,0.47096846,0.06737396,0.7018791,0.2473554,0.28970358,0.4198256,0.20643467,0.73419166,0.20444694,0.75550836,0.098457746,0.36798036,0.4132665,0.036691293,0.43362886,0.40310368,0.3343578,0.42477918,0.0,0.045701623,0.67078257,0.18727127,0.0,0.085355304,0.5068451,0.0014156438,0.197533,0.17416511,0.24411258,0.50775236,0.3023965,0.32802287,0.3919344,0.17904305,0.4457224,0.0,0.921604,0.19208808,0.18838477,0.32031506,0.19745527,0.71638095,0.0,0.0,0.7243377,0.11968991,0.608482,0.47551608,0.41138598,0.54511464,0.3749905,0.24774268,0.7213585,0.5596168,0.3931227,0.02396242,0.1895757,0.09753245,0.0,0.10774554,0.0,0.09358393,0.74500567,0.66067165,0.13965777,0.5064284,0.44580323,0.49292317,0.0,0.23820254,0.4372487,0.06940216,0.43299866,0.19835524,0.44862223,0.21746345,0.0,0.5839509,0.3618495,0.07934582,0.63276076,0.18330945,0.38357908,0.0,0.0,0.6191613,0.0,0.0,0.0,0.22443114,0.40549666,0.35127002,0.40215614,0.7406826,0.0,0.5642917,0.052445307,0.22482266,0.33204862,0.42751196,0.89545393,0.3648633,0.0,0.0,0.25178003,0.0,0.77978456,0.5456368,0.34250066,0.32311723,0.3560308,0.0,0.48861957,0.49991292,0.23410003,0.016042687,0.61632854,0.35310617,0.3644279,0.0,0.19818687,0.34069267,0.03933483,0.5019301,0.1534633,0.18705845,0.20648527,0.184918,0.16642043,0.16681361,0.2934882,0.51786757,0.40562654,0.14913653,0.11825365,0.4279446,0.63949156,0.13762726,0.34537286,0.046354793,0.31633145,0.5489062,0.0,0.31917784,0.43279085,0.19616693,0.42816004,0.0,0.0,0.0,0.35744965,0.1362718,0.24444823,0.0,0.20743202,0.23115024,0.09583373,0.66542816,0.0,0.022748735,0.459723,0.2658644,0.5124361,0.018066142,0.041833665,0.47967985,0.3442223,0.0,0.1719039,0.3650592,0.33848795,0.0,0.17993622,0.3084998,0.46627653,0.20291452,0.18626036,0.17317614,0.27753705,0.098273225,0.75054455,0.40643534,0.46386498,0.28417507,0.262327,0.0,0.029982865,0.0,0.23594233,0.22762871,0.15770222,0.6034668,0.27409858,0.25708756,0.42890885,0.0,0.09215185,0.21738106,1.0822275,0.0,0.0,0.67223233,0.6434731,0.89608485,0.27671754,0.0,0.0,0.30296263,0.47124225,0.1498429,0.55972826,0.52537143,0.22256872,0.48308855,0.0,0.076321125,0.15506044,0.0,0.5774489,0.77868503,0.31556022,0.0,0.25250065,0.3670192,0.28732872,0.2748012,0.03491935,0.2069963,0.2877565,0.16296747,0.0,0.03656149,0.4592937,0.5388733,0.31683806,0.3194626,0.10936792,0.25046614,0.3655355,0.11791673,0.0,0.0,0.5779267,0.44393253,0.43104455,0.5454638,0.00069278385,0.17254765,0.6749698,0.37356287,0.13564812,0.24869333,0.4073688,0.15172976,0.61781305,0.17634904,0.68633467,0.79764825,0.0066275857,0.05846011,0.47482243,0.46407995,0.32326758,0.07097462,0.25715196,0.19014888,0.17697322,0.0,0.8054431,0.15573986,0.25512806,0.35833496,0.32903695,0.6945934,0.38555074,0.3298769,0.52228844,0.21473238,0.40479788,0.65573245,0.16214898,0.0,0.0,0.07956625,0.17947184,0.0,0.18301445,0.5063973,0.2051985,0.27265513,0.38335043,0.58294296,0.3693267,0.35429436,0.2292575,0.12059018,0.0,0.26789865,0.15031986,0.28130862,0.21918504,0.04434768,0.3812356,0.105969705,0.1568821,0.12800428,0.121469066,0.28219897,0.44318774,0.48161802,0.5093399,0.06104064,0.44805226,0.4491052,0.0,0.0,0.19191508,0.32790726,0.3397648,0.083428875,0.4571285,0.42815536,0.542396,0.8170252,0.2995208,0.28625703,0.25310773,0.0,0.0,0.0,0.5574604,0.33342302,0.5814006,0.7075546,0.4777795,0.2646264,0.70080453,0.28886098,0.3227954,0.021801718,0.25267172,0.10142923,0.31801122,0.40916595,0.10086727,0.28239197,0.025348157,0.15687256,0.5723243,0.34640634,0.0,0.079647414,0.27850908,0.47356704,0.36021322,0.5963428,0.35957214,0.18846567,0.3915434,0.114322275,0.13110651,0.18498637,0.6442404,0.011410109,0.79209524,0.061996177,0.17296496,0.23926578,0.056937642,0.0,0.37656447,0.054671165,0.6641422,0.02767028,0.2649936,0.2946031,0.31414703,0.31805706,0.48528472,0.14658572,0.13075441,0.04015093,0.22775689,0.0,0.0,0.24830472,0.26592112,0.59488255,0.0,0.032213975,0.36448878,0.41082263,0.45854986,0.0,0.5143845,0.38683203,0.13192639,0.44727597,0.47703946,0.71374905,0.09673249,0.23176207,0.5643757,0.12917931,0.0,0.28777817,0.0,0.0,0.44622132,0.03656575,0.38932288,0.0,0.26242623,0.38898575,0.18458152,0.397225,0.27015212,0.0,0.68551266,0.18460691,0.15375139,0.0,0.3585404,0.23018847,0.0,0.061554153,0.29292214,0.44265088,0.55110157,0.64694697,0.28266263,0.12568866,0.16282228,0.30110157,0.121320546,0.0,0.4712789,0.103832304,0.0,0.23018606,0.66839826,0.12754138,0.2534057,0.2522949,0.2294918,0.07968475,0.0,0.007551905,0.33503532,1.0999323,0.31454286,0.33112687,0.45934144,0.0,0.03509198,0.44193846,0.65751636,0.031383432,0.21286339,0.12378992,0.0,0.0,0.61911786,0.80605674,0.39181584,0.26595384,0.0,0.2829464,0.56275874,0.7428402,0.37565905,0.5567383,0.6240341,0.077140436,0.0,0.53376204,0.3490047,0.2186576,0.34543246,0.0
SSp-ll,0.12251198,0.14125082,0.119340986,0.24632995,0.30527034,0.24400145,0.4453033,0.14793646,0.2394166,0.34061044,0.20756051,0.3114004,0.35687554,0.043701723,0.16958767,0.32884204,0.0,0.24888754,0.32414132,0.010611966,0.4670979,0.0,0.5084166,0.2708406,0.08018768,0.38944188,0.12893777,0.46482506,0.13955104,0.49383652,0.027288064,0.30447704,0.17713593,0.010223926,0.25077593,0.556249,0.36035758,0.3238396,0.15439881,0.0,0.29009667,0.24189742,0.0,0.050758354,0.25108504,0.17480646,0.2149655,0.18465059,0.17764792,0.45257396,0.034469116,0.10683132,0.26630995,0.2066443,0.19500965,0.18404448,0.76602817,0.15209924,0.077841595,0.28256533,0.16481368,0.45541808,0.17523137,0.06832813,0.34759793,0.09328185,0.31852287,0.4548694,0.27547735,0.29867145,0.15122452,0.14177527,0.4510304,0.26972553,0.38157043,0.0,0.36404598,0.020532295,0.042539362,0.027188297,0.05633948,0.0,0.46026367,0.3890699,0.25349224,0.347375,0.16987921,0.27446118,0.0,0.0,0.3978085,0.1836723,0.32847935,0.36231345,0.3168144,0.14122362,0.0,0.31378826,0.41290596,0.21795397,0.40084374,0.24316593,0.36047587,0.08325968,0.0,0.27155927,0.0,0.016646178,0.0,0.122832954,0.13003099,0.0,0.19638315,0.3566753,0.24440219,0.48801145,0.022893475,0.45719448,0.4770837,0.31165364,0.50811857,0.23439945,0.06820284,0.1645882,0.25253907,0.18199411,0.3936956,0.30689624,0.2362452,0.30116835,0.20726764,0.016611382,0.2231376,0.33788913,0.054592416,0.0,0.527483,0.107040435,0.3646408,0.025752014,0.0,0.17890671,0.2657936,0.21307838,0.18820132,0.085975505,0.21651134,0.08540826,0.018023856,0.0,0.38211912,0.28282666,0.34933138,0.1946751,0.10329436,0.08991096,0.28780478,0.30705488,0.05902566,0.047346912,0.29317635,0.34260365,0.104752995,0.104459494,0.45531628,0.12739035,0.39190644,0.13618036,0.0,0.11181608,0.10868736,0.04650762,0.18577091,0.025293907,0.11401181,0.1725402,0.21860921,0.47164413,0.09377619,0.0972065,0.27526975,0.21784072,0.42519638,0.08808822,0.12603499,0.41766238,0.2706105,0.0,0.13378511,0.28674603,0.4280205,0.0,0.11635071,0.035606623,0.4313751,0.24354161,0.31587872,0.32665068,0.3127695,0.0,0.5045218,0.3392314,0.47138166,0.25804466,0.2266179,0.05210834,0.0,0.21653217,0.24533555,0.18152629,0.23732774,0.25211042,0.0,0.19212605,0.16836305,0.07077854,0.14436659,0.13219085,0.49466157,0.0,0.0,0.18124133,0.3204723,0.70227367,0.3335634,0.006759163,0.09256971,0.28977767,0.08619203,0.027830524,0.4268446,0.50373375,0.3114142,0.46089923,0.086851336,0.18568768,0.13049585,0.0,0.45690116,0.44249004,0.275506,0.050465036,0.08808828,0.1983067,0.35103583,0.3373943,0.15955645,0.17233124,0.5021422,0.0,0.15835294,0.048623044,0.16408148,0.27671495,0.32206663,0.09352288,0.09600581,0.14120029,0.14604893,0.2300183,0.0,0.023403343,0.4189271,0.31526044,0.25514144,0.35403693,0.0,0.09314823,0.44817755,0.43696868,0.11221289,0.0011254828,0.15406,0.11709823,0.155651,0.15881836,0.45407376,0.30084425,0.08514358,0.1491138,0.3569566,0.36736733,0.24945806,0.12940039,0.034473456,0.3362461,0.25560886,0.0,0.36504447,0.1520872,0.24922615,0.23100574,0.12844798,0.39963984,0.17681967,0.05087907,0.47320664,0.13698874,0.20778966,0.30431587,0.39745846,0.0,0.0,0.18818438,0.0,0.0,0.32719722,0.3562871,0.34553874,0.14586371,0.43729788,0.35106722,0.04137098,0.1703757,0.14359029,0.19903715,0.07770981,0.03179888,0.011363406,0.4191549,0.0,0.17389284,0.28458685,0.11675828,0.1685172,0.1457501,0.0,0.27272353,0.33290052,0.34915072,0.2235361,0.07089975,0.19414675,0.23833612,0.0,0.0,0.24668995,0.23770733,0.3180884,0.0,0.26627526,0.25431636,0.2501331,0.5115533,0.27514234,0.25313735,0.00057334267,0.14559887,0.073404685,0.094731785,0.47831059,0.16483724,0.20641926,0.3209478,0.38908336,0.32183334,0.6461853,0.0,0.22072296,0.12016139,0.13091916,0.16084117,0.33078834,0.40344632,0.21145341,0.2668389,0.14857623,0.0,0.36083403,0.29774022,0.0,0.0419365,0.23779169,0.26058188,0.45026478,0.43924877,0.24057199,0.38682023,0.3085158,0.07938523,0.19390337,0.0,0.26960695,0.042601354,0.21113111,0.15379277,0.1335761,0.10985712,0.05643554,0.08571443,0.26987442,0.025453936,0.30989927,0.19506705,0.27990264,0.12997039,0.22316596,0.10067099,0.30157292,0.16644254,0.06353359,0.0,0.13171214,0.0,0.0,0.2634694,0.1734289,0.35521019,0.0135114305,0.0,0.28193933,0.2667435,0.17860462,0.0,0.40396225,0.3784852,0.0,0.24231371,0.1568531,0.33736682,0.074255906,0.16417831,0.21791092,0.0,0.003258057,0.30435917,0.0,0.0,0.24386868,0.0,0.0,0.0,0.19354945,0.31180978,0.13058162,0.24456555,0.13408414,0.0,0.6447884,0.0,0.24394977,0.0,0.46753073,0.06831327,0.010462515,0.15286388,0.38377678,0.15040068,0.25893322,0.34661734,0.25436613,0.0,0.09700077,0.17489386,0.11201684,0.0,0.4275773,0.21526468,0.08924887,0.12322748,0.5345227,0.21441865,0.23662537,0.19819428,0.40514636,0.14169244,0.0,0.2160582,0.56693417,0.532303,0.35104844,0.18378821,0.27217945,0.0,0.07745152,0.29504737,0.29780892,0.2668779,0.154839,0.21897301,0.0,0.108393535,0.32384047,0.5446,0.2854983,0.26249892,0.0,0.13991134,0.32818517,0.43145174,0.2552783,0.37722647,0.40835962,0.21509148,0.025641762,0.27891684,0.2470227,0.20999627,0.107198134,0.08536753
SSp-m,0.5023855,0.14771315,0.13783953,0.26820332,0.83964515,0.42562798,0.8598464,0.107621014,0.7084516,0.44899198,0.5849085,0.4207776,0.42386654,0.0042475522,0.37880233,0.49095517,0.15411992,0.28948462,0.11755952,0.0,0.7122266,0.0,0.6366559,0.19482914,0.13092865,0.40630987,0.3224008,0.8919602,0.14187938,0.9023294,0.10013599,0.5376481,0.18853626,0.0,0.6421471,0.56347716,0.54284257,0.42109048,0.009710044,0.11315903,0.7626001,0.28820753,0.09218472,0.1307169,0.3918117,0.09920089,0.27252948,0.3316645,0.25686157,0.6334007,0.20676468,0.11434496,0.6559559,0.4854509,0.49336922,0.0,0.9996553,0.28301272,0.43667984,0.54822177,0.202635,0.6378376,0.0,0.019483985,0.8485703,0.22907223,0.5702186,0.4852506,0.6615201,0.594097,0.5563506,0.0,0.8115802,0.60548687,0.49818936,0.021033209,0.15410607,0.10567565,0.076022044,0.20920728,0.0,0.13278636,0.60309297,0.65633875,0.24868932,0.6205255,0.4142768,0.1543313,0.0,0.11822536,0.26579657,0.22572453,0.3032722,0.48622462,0.42325157,0.30216962,0.0,0.62873226,0.42838877,0.12592489,0.6272357,0.32544795,0.45605212,0.0,0.039697774,0.39400202,0.0,0.0,0.0,0.43271792,0.2968725,0.034865912,0.2056871,0.6446818,0.16798209,0.6186889,0.2052706,0.39086804,0.45902014,0.28861234,0.8316004,0.18540217,0.2865873,0.0016238876,0.49997827,0.24666943,0.6410202,0.5384598,0.4934148,0.47492355,0.46617693,0.0015435889,0.67238015,0.44591308,0.21746829,0.0,0.76468515,0.25541186,0.17886382,0.0,0.0039612846,0.2868035,0.12999472,0.5474693,0.32886207,0.21130425,0.3876511,0.31076115,0.0,0.0,0.3100275,0.34295893,0.41152912,0.44263545,0.0037728883,0.27686912,0.55789375,0.083593115,0.23682795,0.07328081,0.28775513,0.6810487,0.0,0.24496786,0.51030904,0.22329067,0.26773345,0.0,0.0,0.381809,0.35096434,0.24929777,0.31249332,0.0,0.043445736,0.1659583,0.16369599,0.6632459,0.0,0.113415554,0.47135293,0.34451678,0.43895566,0.0,0.04884432,0.61719644,0.31376028,0.0,0.2577215,0.23622604,0.57526374,0.0,0.072490975,0.09375977,0.5747379,0.4654863,0.02435569,0.26159337,0.17173475,0.118277274,0.89079374,0.40002134,0.6040801,0.31001717,0.26427904,0.0,0.054972418,0.0,0.16332562,0.27268064,0.33035403,0.49399805,0.011621486,0.30676225,0.45020637,0.015843848,0.1681653,0.010895666,0.94056255,0.0,0.0,0.6528461,0.6958093,0.9850344,0.26724437,0.023972314,0.0,0.38857558,0.41821992,0.1097409,0.6063458,0.81827015,0.42110494,0.4747252,0.028376529,0.051479004,0.41478285,0.0,0.5808927,0.6228667,0.17086628,0.0,0.24438596,0.17215465,0.45709887,0.41375613,0.018281966,0.35593572,0.41976443,0.18635309,0.0,0.0,0.23423189,0.46279305,0.42407322,0.24425077,0.28691202,0.29358417,0.2079775,0.07405715,0.0,0.0,0.88503695,0.14235428,0.33730763,0.5979775,0.0,0.03919166,0.84899986,0.67350614,0.2595704,0.2834258,0.13719334,0.15507288,0.6227415,0.31524694,0.92187154,0.59647,0.0,0.2883328,0.4189614,0.74805623,0.32539278,0.0,0.18327385,0.3226458,0.48990253,0.0,0.62704676,0.0,0.357328,0.42190722,0.23417646,0.6463266,0.5475307,0.29981393,0.8907026,0.18340556,0.5020305,0.61335444,0.28314734,0.0,0.0,0.0,0.0,0.011147416,0.22745588,0.56741065,0.3413819,0.21434522,0.44547215,0.3157495,0.2732092,0.23898731,0.5173599,0.061907556,0.0,0.2653574,0.29715672,0.6349023,0.22642753,0.0,0.16908568,0.050320894,0.12532899,0.12388831,0.09901604,0.42689657,0.37293524,0.45287457,0.49115273,0.033869334,0.4890022,0.26943678,0.0,0.0,0.079046436,0.20544781,0.58829653,0.0,0.65168005,0.6025886,0.41747922,0.92776847,0.076536626,0.46418583,0.15452936,0.12120102,0.05780986,0.0,0.63244015,0.38163945,0.4202094,0.4464409,0.6689715,0.08046792,0.81230044,0.09553331,0.24318027,0.07268698,0.2871474,0.3130372,0.4531507,0.49060202,0.19255354,0.33608717,0.0,0.3637322,0.6659571,0.35017833,0.0,0.0,0.422191,0.53583,0.72313905,0.46652532,0.34461924,0.31708094,0.5164542,0.07721652,0.1765119,0.15591688,0.4402051,0.0,0.57753575,0.28003544,0.12596731,0.1728304,0.15553793,0.0,0.44481188,0.0,0.4957156,0.06071895,0.39387494,0.22637545,0.18304244,0.15899101,0.6208596,0.3622429,0.2249404,0.093347535,0.25668696,0.0,0.0,0.19889209,0.31990504,0.58124936,0.0,0.0,0.13247423,0.34897435,0.4205639,0.0,0.43805516,0.28524545,0.10444426,0.28692102,0.2198642,0.6535255,0.2287798,0.20289053,0.20523742,0.117099255,0.0,0.22622383,0.0,0.0,0.3508804,0.045247294,0.44503975,0.0,0.20740758,0.49281293,0.32501426,0.31766838,0.2504251,0.0,0.9228521,0.1386347,0.054719336,0.0,0.43595853,0.224593,0.0,0.2561924,0.34567517,0.39013773,0.39238816,0.32057282,0.20624682,0.20862141,0.0,0.36398143,0.22553203,0.0,0.5021618,0.20924376,0.0,0.24922135,0.9129845,0.09724046,0.0,0.15955754,0.38788307,0.0,0.004150003,0.066368446,0.5123994,1.1462755,0.5303917,0.45824173,0.76409435,0.0,0.10390963,0.5571633,0.6083529,0.0,0.2821523,0.13881853,0.0,0.0,0.537022,0.8085434,0.31323603,0.30259553,0.0,0.2964096,0.6107406,1.0452428,0.21942806,0.34875405,0.8644207,0.0,0.13994402,0.6805424,0.42120588,0.15234354,0.5843512,0.0
SSp-ul,0.38684765,0.1246722,0.045166265,0.30582944,0.7218072,0.2911852,0.69615555,0.13217662,0.50260913,0.34549263,0.5002216,0.38119358,0.41790155,0.0,0.26393875,0.55058616,0.12352284,0.3220665,0.13159792,0.0,0.61882424,0.0,0.69540024,0.21844876,0.17272116,0.43464452,0.25332782,0.9647992,0.07802795,0.7948137,0.029745795,0.44278193,0.25671113,0.0,0.4808165,0.5022739,0.5552073,0.33626592,0.0,0.039069235,0.51593673,0.17153426,0.023365913,0.06567657,0.38521686,0.1310193,0.17702663,0.22120953,0.24240097,0.5563855,0.18794866,0.110711195,0.42090333,0.3696085,0.38738433,0.0,1.0287211,0.2638999,0.28315738,0.34855065,0.09284002,0.63769567,0.0,0.0,0.74957025,0.094758555,0.53707826,0.5698944,0.4917223,0.5819447,0.32112235,0.02687622,0.7592796,0.42987472,0.43510994,0.0,0.20274761,0.069643684,0.06855126,0.075877585,0.0,0.021806322,0.5953197,0.55080175,0.17171146,0.58064795,0.30706385,0.36066028,0.0,0.0,0.43507877,0.134442,0.39663267,0.37224576,0.4992051,0.20176668,0.0,0.5010123,0.37582943,0.15141147,0.6335847,0.30436158,0.4857369,0.0,0.0,0.49838638,0.0,0.0,0.0,0.17928459,0.23523797,0.06256965,0.31832048,0.53092843,0.08545586,0.5931956,0.050646678,0.3508173,0.55235046,0.35160154,0.8837526,0.1917412,0.10694197,0.059746023,0.39537016,0.12644996,0.5628338,0.5130955,0.32285058,0.4141695,0.39744794,0.0,0.46260568,0.527924,0.12222381,0.0,0.6770786,0.31847295,0.21643388,0.0,0.0,0.21801639,0.18683183,0.4121626,0.11781612,0.16621235,0.28135908,0.19488919,0.015081638,0.0,0.45567864,0.41738436,0.39968842,0.25048998,0.16516608,0.1742551,0.47496426,0.19583654,0.15151902,0.03397382,0.2531658,0.52557063,0.0,0.11752534,0.50318915,0.11532237,0.427963,0.026070729,0.0,0.19243515,0.29751083,0.10523438,0.24052586,0.0,0.10406892,0.1408139,0.12835081,0.64275926,0.0,0.033384852,0.4034887,0.3652293,0.5974106,0.0,0.018483263,0.4885806,0.39211076,0.0,0.19672298,0.3117791,0.5611675,0.0,0.07631016,0.054107897,0.52714455,0.27657938,0.23039414,0.19400337,0.274869,0.010472558,0.8204133,0.49868348,0.67601776,0.35171846,0.35184574,0.012886286,0.0,0.12165418,0.2808564,0.23209698,0.28872782,0.44340807,0.071224466,0.3191525,0.3405353,0.0,0.22956172,0.06022883,1.0094119,0.0,0.0,0.5527307,0.64788395,1.0626993,0.3152478,0.0,0.0,0.4199213,0.3605148,0.0931575,0.6352215,0.67743796,0.32629332,0.61396,0.0,0.14044422,0.25895014,0.0,0.6440433,0.7005184,0.24289143,0.042701427,0.16233245,0.15026006,0.39539564,0.39009762,0.03394541,0.22573309,0.46707898,0.085825846,0.04504482,0.0,0.28277016,0.45934272,0.38054362,0.25720966,0.14223582,0.23065034,0.3103704,0.071398675,0.0,0.0,0.70102346,0.20419501,0.39920393,0.58755434,0.0,0.11321077,0.6835278,0.6079656,0.11667839,0.12989143,0.18636796,0.011137849,0.534997,0.16089708,0.8411094,0.5420955,0.0,0.25966468,0.46897697,0.51295066,0.27928412,0.10996951,0.096554734,0.15619436,0.44988495,0.0,0.66198015,0.09821917,0.39844334,0.3542759,0.15803777,0.65337944,0.4173097,0.21319087,0.6832325,0.07053609,0.5034011,0.5584914,0.3558869,0.0,0.0,0.111857675,0.0,0.0,0.3479307,0.551176,0.41202533,0.21904899,0.46511576,0.3873335,0.19934407,0.22401029,0.31918624,0.12203689,0.0,0.1963782,0.063468054,0.4094691,0.11484096,0.0,0.24676442,0.06190534,0.1407522,0.09124214,0.0,0.3491537,0.44369307,0.5216397,0.4500149,0.11144578,0.46788773,0.30255392,0.0,0.0,0.16581412,0.23421769,0.4753086,0.0,0.48790708,0.49797016,0.34540707,0.8505255,0.1544193,0.46629184,0.11914873,0.07207115,0.03419222,0.0,0.5866712,0.22555202,0.40802318,0.49363828,0.554869,0.21046078,0.81806606,0.0,0.28339905,0.09997325,0.1626496,0.19880903,0.36698973,0.4398239,0.213246,0.24246868,0.06835738,0.16127665,0.49818152,0.36563402,0.0,0.0,0.36264616,0.40405264,0.5164691,0.63298213,0.25581485,0.31995434,0.43281853,0.05322657,0.16722862,0.0,0.34771556,0.0,0.5882935,0.1803498,0.108132236,0.25282115,0.154104,0.0,0.3969199,0.0,0.4730877,0.14453706,0.30851594,0.15693131,0.1730738,0.10977729,0.54325366,0.34322366,0.16882364,0.027118005,0.094482526,0.0,0.0,0.23026106,0.31349364,0.50844896,0.0,0.021356028,0.2491934,0.34857476,0.42579833,0.0,0.5728979,0.42877355,0.08637726,0.328632,0.2786802,0.61404634,0.18840371,0.3180111,0.30802897,0.0,0.0,0.31356916,0.0,0.0,0.4149517,0.0,0.2327392,0.0,0.23957428,0.49080044,0.14342779,0.34736803,0.19825721,0.0,0.78987336,0.044398393,0.14651862,0.0,0.48662296,0.25838572,0.0,0.19274414,0.29081148,0.32410234,0.32611752,0.45698816,0.23905951,0.057776205,0.0,0.34367543,0.097523324,0.0,0.49221054,0.29172322,0.0,0.17325269,0.7759678,0.12687445,0.114254415,0.18461128,0.33515096,0.0,0.0,0.020919528,0.54802066,1.1194805,0.4036062,0.3486475,0.53194714,0.0,0.08885793,0.50919956,0.61203957,0.09929914,0.29248706,0.20772131,0.0,0.0,0.5762706,0.77762526,0.3353047,0.33094776,0.0,0.2664829,0.47886977,0.82238215,0.29247212,0.39937022,0.7088312,0.04314976,0.016199522,0.51319724,0.31914657,0.1717803,0.28194097,0.0020699762
SSp-tr,0.22301379,0.17850459,0.04271099,0.13814346,0.42223227,0.15937302,0.38650838,0.19768514,0.23659526,0.09611928,0.25110877,0.1985998,0.1570843,0.0,0.1275171,0.25960773,0.07688755,0.2730588,0.0830069,0.0,0.29507807,0.0,0.35199803,0.20467149,0.19088921,0.25997815,0.23008661,0.42947522,0.16846035,0.5516029,0.055953465,0.3006965,0.20591387,0.028221648,0.29302943,0.33538422,0.3134622,0.36488676,0.0,0.0995287,0.28291047,0.22895637,0.0,0.102906436,0.29660776,0.0,0.026033089,0.09930282,0.28556716,0.2928239,0.1597313,0.2888043,0.30253676,0.21475796,0.35756308,0.023075748,0.57594264,0.066312574,0.1464524,0.19095722,0.14419669,0.5303772,0.0,0.013048956,0.3959939,0.16180746,0.4634428,0.39677012,0.33346653,0.36539802,0.23436482,0.19175166,0.46999916,0.3154423,0.2597703,0.0,0.17035419,0.050405152,0.0,0.0,0.04940068,0.037416533,0.37246895,0.36164814,0.22424197,0.36608222,0.28501576,0.28621483,0.0,0.019177763,0.28025445,0.061300438,0.34116602,0.22121291,0.2079507,0.14709318,0.0,0.3167664,0.24920656,0.04303777,0.2956333,0.0691325,0.32034934,0.0,0.0,0.2842323,0.0,0.0,0.0,0.091712266,0.19324787,0.17226315,0.21788922,0.42581803,0.009755173,0.28656942,0.0,0.2266578,0.28166854,0.27845222,0.53102225,0.26157773,0.012422696,0.085116506,0.19355121,0.060500085,0.44464946,0.2451029,0.17774983,0.19518927,0.21915767,0.0,0.20685118,0.3667546,0.15690853,0.0,0.4016449,0.20886138,0.22591873,0.0,0.03938779,0.22763434,0.06809217,0.34087455,0.06841289,0.09625938,0.10222307,0.015774777,0.13630775,0.0,0.29406333,0.37345624,0.32861304,0.15190078,0.09788686,0.17770195,0.34887707,0.0564423,0.07077207,0.08395058,0.16410105,0.33047506,0.0,0.19823793,0.2330826,0.083838865,0.22385016,0.0,0.0,0.045043416,0.12988603,0.096142724,0.10975437,0.0,0.104302116,0.0885649,0.070197105,0.38088036,0.0,0.0,0.34255412,0.12395613,0.41632557,0.10957356,0.058949705,0.29323488,0.101705745,0.0,0.08579448,0.23972389,0.25608224,0.0,0.13148336,0.2496215,0.338709,0.13273732,0.1251214,0.2014615,0.15122423,0.12333018,0.59414476,0.23054205,0.32343465,0.14008337,0.11312533,0.0,0.024691999,0.0,0.2853099,0.117151946,0.08982626,0.38901848,0.13251327,0.15130165,0.26253235,0.039958946,0.06401173,0.18978241,0.64226335,0.0,0.0,0.37750953,0.33881074,0.61734337,0.2618406,0.0,0.0,0.15781747,0.20414968,0.17237459,0.44612378,0.4583674,0.027507458,0.25492114,0.025428183,0.12704901,0.0960397,0.0,0.43308184,0.42414275,0.11003765,0.0,0.16857639,0.16698198,0.29657313,0.22057134,0.03567744,0.07921697,0.22478947,0.11541255,0.040607136,0.0,0.3792889,0.25367638,0.25289026,0.1347405,0.06668851,0.15698636,0.1868191,0.20430738,0.0,0.0,0.46929777,0.27875835,0.20132647,0.47139025,0.02903374,0.093170196,0.38598526,0.34805372,0.06921735,0.14482078,0.21944647,0.056790408,0.27796793,0.076037034,0.36141524,0.37212583,0.041418653,0.13290668,0.21266332,0.28266177,0.19326872,0.0,0.15177168,0.08593881,0.18784465,0.0,0.4325669,0.059136268,0.2622579,0.21084104,0.22687438,0.44780502,0.2836132,0.16135274,0.32874137,0.16675967,0.26040876,0.32588062,0.12222746,0.0,0.0,0.04952725,0.06167184,0.0,0.15131195,0.42315045,0.2465859,0.17416884,0.2811432,0.4728954,0.1848409,0.19507228,0.3019109,0.09285042,0.0,0.22625041,0.072612196,0.1205559,0.10398283,0.11137089,0.24864614,0.1391176,0.15077558,0.02768498,0.0,0.06141909,0.29034558,0.26178253,0.36151442,0.0,0.27172634,0.32890666,0.0,0.0,0.1055832,0.19530952,0.2568379,0.0,0.15742312,0.2525951,0.2989499,0.54405564,0.18805328,0.19731723,0.112786725,0.0,0.0,0.0,0.5627251,0.14110059,0.37309936,0.34715566,0.34418505,0.18758865,0.44182158,0.06896423,0.32328153,0.12022985,0.11597812,0.031053314,0.21210563,0.2684606,0.06539954,0.28705233,0.043023653,0.007857433,0.38040164,0.16565521,0.0,0.0,0.09568369,0.2668253,0.20015414,0.37498516,0.118140034,0.071627416,0.24712448,0.007757824,0.12452468,0.22418565,0.3822446,0.17870437,0.42937228,0.14600602,0.101523034,0.04958708,0.012640595,0.0,0.33147466,0.015042078,0.39473632,0.038359422,0.15383431,0.13684502,0.21484703,0.1407955,0.2980763,0.0,0.24969713,0.036120523,0.2470898,0.0,0.0,0.20831072,0.0782334,0.3478254,0.0,0.0,0.15078379,0.24322398,0.2823457,0.0,0.39387405,0.20164621,0.18081334,0.2646183,0.27079067,0.34072128,0.074051164,0.16183232,0.33993953,0.09886591,0.0,0.1299634,0.0,0.0,0.21338299,0.0,0.121494636,0.0,0.11798158,0.33093134,0.1343812,0.27528432,0.15957911,0.0,0.472892,0.0,0.10763968,0.0,0.31997034,0.12777232,0.0,0.075711355,0.25593728,0.2556249,0.33403972,0.31699198,0.14734635,0.08349165,0.095904954,0.14360128,0.16980508,0.0,0.34966287,0.087926105,0.0,0.15807702,0.4883238,0.14670977,0.17564356,0.24135336,0.1587296,0.014993355,0.0,0.088868365,0.22597402,0.60372186,0.30716032,0.128105,0.28040686,0.0,0.0,0.31721815,0.34838882,0.11616144,0.13996176,0.1010024,0.0,0.0,0.29906455,0.5336798,0.37402266,0.17284745,0.0,0.13856106,0.23324727,0.4841504,0.21115321,0.22685216,0.45147845,0.12274741,0.0,0.35465997,0.2320342,0.12329765,0.113389865,0.0
SSp-un,0.19256616,0.15525326,0.09517926,0.12634538,0.40933594,0.2699764,0.4072619,0.13418454,0.38992518,0.18428046,0.38169795,0.12451221,0.36958325,0.0,0.34096348,0.15578797,0.12521528,0.050790597,0.120709166,0.0,0.25312066,0.10222394,0.24624977,0.123874396,0.09703221,0.09256751,0.12037674,0.37388062,0.061788615,0.366099,0.107836455,0.118505225,0.15008163,0.051723927,0.34511137,0.18442062,0.18361595,0.21265459,0.058547914,0.18638028,0.34648424,0.22969519,0.0,0.078500584,0.21987617,0.06365347,0.21486506,0.237479,0.16162866,0.22952865,0.092859626,0.1703569,0.2993165,0.16376305,0.30050018,0.0,0.3910546,0.10609568,0.28663576,0.21740153,0.09354077,0.28639483,0.0,0.034364134,0.5123129,0.038410883,0.25391883,0.106460825,0.39013222,0.33504847,0.3013295,0.063921526,0.35053346,0.43400344,0.21637978,0.14572836,0.12477374,0.059504375,0.116721615,0.22889718,0.0,0.19292143,0.30112714,0.3440166,0.1510871,0.2560901,0.29368925,0.116822034,0.0,0.3181602,0.019607015,0.11109714,0.07940878,0.12811492,0.13152444,0.25050798,0.0,0.35132936,0.18845493,0.1370835,0.32287353,0.16925173,0.1462518,0.0,0.14756262,0.3253373,0.020698689,0.0,0.17370144,0.28185767,0.25092298,0.13494381,0.17718843,0.48346668,0.036255218,0.42871016,0.112876534,0.117095634,0.11005952,0.16025081,0.4636774,0.27154714,0.16941775,0.0,0.26688305,0.15110086,0.32583374,0.29224598,0.18909208,0.33468312,0.22261122,0.116424665,0.36466226,0.14020427,0.2737882,0.1225473,0.2965613,0.09612259,0.081813276,0.009456096,0.00022791605,0.14631853,0.047333907,0.26822877,0.26200753,0.120917775,0.20753135,0.17619523,0.034361698,0.15138029,0.13529463,0.12629227,0.050675884,0.26578808,0.0,0.2977398,0.34068975,0.07887071,0.33418196,0.10276036,0.22462112,0.31152484,0.0,0.25869045,0.17984317,0.1794064,0.13031037,0.03534248,0.0,0.24501783,0.24205793,0.20253277,0.13495322,0.0,0.1032204,0.1270697,0.073572,0.2827137,0.0,0.03719788,0.27354288,0.23316713,0.0,0.026233424,0.1361515,0.30769786,0.20224795,0.0,0.1372005,0.2766271,0.28241304,0.0,0.07106599,0.15405682,0.22909138,0.3015315,0.0,0.0743983,0.14361784,0.087395504,0.48001304,0.17636907,0.18719095,0.14158186,0.11893398,0.028852176,0.14073594,0.05582717,0.008955779,0.24573253,0.17335673,0.2238967,0.1156629,0.26619816,0.21617855,0.05740618,0.0768695,0.14335087,0.37373227,0.0,0.124376535,0.40533742,0.30936176,0.31493846,0.07984233,0.057280432,0.0,0.14856486,0.3188468,0.06923991,0.053692512,0.38285565,0.19744575,0.18000005,0.07244365,0.017064411,0.19943413,0.002151546,0.18770213,0.17111212,0.14608675,0.0,0.12079239,0.07200638,0.2356445,0.14386964,0.083006084,0.25723135,0.13792071,0.24661404,0.0,0.11593295,0.1931588,0.25103343,0.20583414,0.14130414,0.15241022,0.2225616,0.1242964,0.09045168,0.0,0.0,0.4180795,0.22450031,0.20412733,0.14956488,0.0,0.019594219,0.40309608,0.24777153,0.24313207,0.14595155,0.18520112,0.16486709,0.30276695,0.25206354,0.40260354,0.2953017,0.039379414,0.111860506,0.28817856,0.37747583,0.16948912,0.1237656,0.094583124,0.26977134,0.23961882,0.0,0.38648614,0.08476396,0.13171683,0.22229812,0.15037185,0.30376908,0.20479874,0.19835652,0.3392318,0.025013883,0.31610858,0.42090097,0.12515236,0.0,0.0,0.0,0.05775737,0.07745687,0.035555594,0.24358669,0.14882335,0.25362048,0.18321696,0.17115685,0.19773611,0.2591758,0.30605125,0.02187122,0.0,0.19175056,0.20118938,0.27131328,0.15287286,0.04398804,0.12066867,0.05342619,0.1800865,0.02826336,0.19300587,0.27190816,0.23525067,0.1450196,0.3987163,0.08312806,0.25728998,0.1963101,0.0,0.003841322,0.05506343,0.1262054,0.22543733,0.07244986,0.45482802,0.3470078,0.23284614,0.4034515,0.043971952,0.07125136,0.111269966,0.10028599,0.0,0.0,0.17669669,0.2855805,0.29684886,0.30604678,0.3493194,0.0,0.17269433,0.19715531,0.08417822,0.044710852,0.17796391,0.22204985,0.1772263,0.19322294,0.21528266,0.118340835,0.0,0.2662632,0.312079,0.2036548,0.0,0.04407425,0.3646708,0.42680648,0.23546359,0.09662698,0.22196841,0.21407448,0.2311288,0.26321712,0.06866799,0.20073937,0.2503337,0.0,0.4225018,0.20793018,0.07936712,0.20161301,0.12057658,0.04147257,0.22298026,0.090562224,0.35978228,0.023124322,0.261161,0.09083739,0.091052055,0.20617133,0.3521676,0.26730502,0.039129652,0.14433785,0.18927029,0.018101778,0.0,0.10489624,0.24434495,0.28070998,0.0,0.0,0.06353076,0.1861465,0.28376973,0.0,0.032455098,0.14247213,0.18011811,0.100993805,0.19808264,0.30507976,0.19818228,0.095593646,0.0967603,0.10707609,0.0,0.07793341,0.047839224,0.0,0.1286476,0.077957556,0.38034844,0.0,0.058732994,0.11242341,0.239545,0.30766827,0.10935938,0.0,0.46677852,0.08042081,0.06364655,0.0,0.08638685,0.063110694,0.018440504,0.17901716,0.16800673,0.30238065,0.17645964,0.2035214,0.07344774,0.29735324,0.051842757,0.29719067,0.04458265,0.0,0.1493235,0.088394776,0.0,0.11739516,0.43170974,0.07110818,0.0,0.2553579,0.1381571,0.038559124,0.102073535,0.1763901,0.19287726,0.5027899,0.29101714,0.32103264,0.27669033,0.0,0.014766835,0.20086813,0.28533772,0.0,0.18514638,0.1121189,0.00810531,0.01625922,0.31689033,0.192519,0.15995587,0.1617873,0.0,0.2887385,0.4124556,0.36659235,0.22830477,0.32115334,0.39807916,0.005756434,0.14939569,0.29328632,0.25182676,0.072084256,0.32512182,0.0
SSs,0.18349525,0.05405337,0.019639963,0.29768628,0.43449306,0.4154724,0.44637528,0.20067237,0.46734095,0.3167474,0.38247097,0.19205798,0.47551683,0.0,0.48448488,0.4649081,0.10553454,0.11422233,0.09910077,0.0,0.5085573,0.066270545,0.5488983,0.17885543,0.16846432,0.24581364,0.07649918,0.53553146,0.07661876,0.53379095,0.036282957,0.29749256,0.2719873,0.0,0.25056013,0.35569963,0.26915368,0.12271233,0.0,0.0,0.61582255,0.35610557,0.0,0.00047529582,0.46170154,0.0,0.25891104,0.18648013,0.13492453,0.549943,0.21641387,0.0,0.39073992,0.17041132,0.20999493,0.0,0.7616161,0.24058981,0.15191671,0.17076573,0.18516688,0.512293,0.10578143,0.0,0.5585007,0.053347345,0.34202003,0.2884872,0.26246572,0.3096287,0.4604367,0.036919482,0.47404435,0.5011099,0.53070843,0.0,0.14660865,0.09850405,0.0,0.10007766,0.0,0.11885639,0.59156793,0.46849376,0.09464678,0.35851654,0.26784793,0.4022287,0.0,0.31048563,0.3686203,0.17675504,0.25466,0.25402138,0.3967279,0.23058812,0.0,0.49410158,0.47768363,0.17204945,0.56148386,0.31120673,0.36906624,0.057849623,0.0,0.5544766,0.0,0.0,0.0,0.28509307,0.3335303,0.1509322,0.2979497,0.48911864,0.020446178,0.6327143,0.0,0.2805942,0.24642456,0.35577095,0.64452815,0.37388322,0.048995465,0.0,0.16126159,0.049571257,0.7286456,0.39473403,0.33616048,0.30937144,0.31068027,0.051040202,0.4364743,0.41229206,0.2267581,0.0,0.4704793,0.14049903,0.37506446,0.0003935676,0.059848834,0.24426295,0.102902725,0.37215906,0.23407726,0.12104807,0.28589755,0.30167207,0.042751446,0.0,0.33897996,0.28210595,0.30815357,0.06239364,0.0,0.26468506,0.50194424,0.07450486,0.25834304,0.030838521,0.48277664,0.5526723,0.0,0.17529161,0.41055635,0.2582371,0.29397964,0.116887845,0.0,0.09878388,0.22274281,0.16733906,0.11030567,0.0,0.17019981,0.2652549,0.16384497,0.60878694,0.0,0.0,0.27711242,0.31883118,0.12088592,0.0,0.016082652,0.5031367,0.38824606,0.0,0.22578901,0.35483593,0.3886551,0.0,0.024369497,0.068694204,0.4008206,0.26103216,0.2614192,0.25300902,0.2993657,0.0,0.62280375,0.38641223,0.27339634,0.16200355,0.3281726,0.0,0.0051873634,0.059098817,0.0,0.25994444,0.14636572,0.31902286,0.14523937,0.3261697,0.29617298,0.0,0.111765645,0.16659835,0.60612226,0.0,0.0,0.43112886,0.3955235,0.655546,0.20409822,0.0,0.0,0.37173614,0.23137166,0.017262695,0.26397955,0.37392396,0.49957195,0.4498956,0.08676465,0.06246531,0.22588512,0.0,0.30781963,0.4041946,0.28619662,0.0,0.0,0.2944804,0.22434135,0.12285833,0.16303763,0.19075035,0.30302656,0.10687689,0.005413536,0.17197655,0.0852001,0.40139672,0.21638896,0.18456468,0.18159258,0.13583995,0.1916526,0.0062940866,0.0,0.0,0.5483445,0.23682551,0.3413792,0.24249372,0.0,0.099746704,0.5802814,0.30028585,0.16678062,0.1834551,0.25953627,0.13005981,0.31492645,0.21250361,0.5686844,0.57384616,0.0,0.085483596,0.48593044,0.48211387,0.32091272,0.17637439,0.0,0.21923323,0.13840991,0.0,0.44514295,0.18634458,0.18171933,0.21977933,0.22324362,0.52015686,0.11324521,0.31670678,0.5837305,0.17141797,0.14399421,0.5436681,0.24786344,0.0,0.0,0.04732015,0.10327414,0.05314093,0.18262732,0.45126504,0.03590879,0.06428326,0.2964064,0.24894106,0.24640958,0.37280336,0.072988346,0.15450715,0.0,0.11861886,0.22731942,0.3214366,0.04416279,0.0,0.26554933,0.0,0.12700795,0.12391896,0.0,0.38776472,0.4316603,0.424999,0.20276105,0.06622706,0.33057013,0.23526748,0.0,0.0,0.16880001,0.28711838,0.37277466,0.023422526,0.5350661,0.41305453,0.38679993,0.64153177,0.050640117,0.24157566,0.11141339,0.031121906,0.0,0.035922673,0.357759,0.3324819,0.21385139,0.31904846,0.28020674,0.16976361,0.63056356,0.17481014,0.08240148,0.0,0.25531635,0.0934257,0.2239256,0.48298323,0.04506623,0.09008623,0.0,0.16650848,0.3832092,0.22217372,0.0,0.101585604,0.36177105,0.44906887,0.37331057,0.38235787,0.29325807,0.19965352,0.23269893,0.15576318,0.09166022,0.06316823,0.4863526,0.0,0.4533378,0.06753675,0.21693891,0.24528947,0.054887563,0.15846092,0.25226343,0.07364931,0.5044177,0.0318173,0.16095641,0.17476535,0.28049317,0.2204221,0.45546174,0.21975207,0.0,0.09475941,0.20294732,0.0,0.0,0.28962114,0.45354536,0.5591614,0.0,0.0,0.28632858,0.44900736,0.384721,0.0,0.3489925,0.36259043,0.00039219204,0.42034447,0.29545337,0.52652025,0.11141767,0.20274259,0.3615147,0.04998683,0.0,0.36297858,0.0,0.0,0.3483071,0.13851717,0.35001525,0.0,0.3512605,0.2285937,0.16197123,0.23704925,0.314627,0.0,0.45747006,0.17678306,0.20103273,0.0,0.21256195,0.09753442,0.014639445,0.22175708,0.29939276,0.25822774,0.5098474,0.5252724,0.22762589,0.00055727176,0.0,0.32986972,0.006161725,0.0,0.33035132,0.12516889,0.0,0.16032296,0.51285654,0.15921512,0.065839395,0.0,0.37550518,0.09301195,0.0,0.06731059,0.54821604,0.7803407,0.23821065,0.28050762,0.40085068,0.0,0.010503963,0.27199185,0.37442783,0.012543736,0.15236296,0.11422336,0.0,0.030360091,0.5878749,0.62048715,0.23024558,0.27160713,0.0,0.18417414,0.446169,0.5084648,0.3115554,0.7480664,0.4636523,0.0,0.12677619,0.3086298,0.27037022,0.10882534,0.308683,0.06616868
PTLp,0.0,0.2597968,0.16853411,0.051502187,0.08160967,0.16038659,0.12170901,0.1390843,0.026665028,0.04454103,0.085774265,0.06978853,0.19995825,0.018479208,0.06018495,0.0,0.003691594,0.090708174,0.19942223,0.0,0.0,0.15764385,0.07191672,0.2761169,0.11880605,0.03119305,0.057811584,0.0,0.17604077,0.052349776,0.19540964,0.015274869,0.19165191,0.26082805,0.17183109,0.18780117,0.07535003,0.31777096,0.07228973,0.21134563,0.029587913,0.24786855,0.0,0.17896356,0.19439042,0.102125764,0.08870034,0.14138252,0.36421666,0.034273416,0.048230033,0.35087863,0.12947163,0.0,0.29108632,0.2238001,0.04787418,0.0,0.040141877,0.07111455,0.1821562,0.20196915,0.03925426,0.20433006,0.049659193,0.016221255,0.13807131,0.12614477,0.23064499,0.15111876,0.090223916,0.3184104,0.14235984,0.21256472,0.12112507,0.14747149,0.30834323,0.10691553,0.06032945,0.053087644,0.22834644,0.33577257,0.11688525,0.16860926,0.22495422,0.16017336,0.24422275,0.15327553,0.0,0.2667695,0.04123275,0.11794014,0.18994583,0.061155953,0.0,0.23765251,0.0,0.13072102,0.116870046,0.11224356,0.041576173,0.051340442,0.11577631,0.018662032,0.03252969,0.14911768,0.06332844,0.045941535,0.25166354,0.11237489,0.2338293,0.10981801,0.08740114,0.37412748,0.15757357,0.17722704,0.09063542,0.11751309,0.051697657,0.19906935,0.14399348,0.37953693,0.070956156,0.13375813,0.19394952,0.10420229,0.18424009,0.0312679,0.08166736,0.19639573,0.061128333,0.11129972,0.032634832,0.05263009,0.30745822,0.31843907,0.1339366,0.0,0.22332032,0.0,0.05446921,0.12286363,0.008925218,0.1710391,0.15169197,0.021744639,0.07596977,0.0,0.17406155,0.12982285,0.067459814,0.26689678,0.023397326,0.15872566,0.06117634,0.27627242,0.20440212,0.13242015,0.18917294,0.16599736,0.20893496,0.09464865,0.024902321,0.2829337,0.018221289,0.18719187,0.13325354,0.019459803,0.0,0.115808114,0.10371745,0.12942615,0.052954856,0.076139465,0.1731776,0.07258104,0.06955895,0.06343818,0.05597124,0.043576267,0.24946797,0.08652966,0.16047889,0.34768137,0.19371514,0.18995178,0.07258722,0.0,0.06472613,0.31981707,0.094845586,0.14861941,0.15887041,0.35364938,0.19462244,0.18439402,0.07440299,0.13710594,0.16319384,0.08620817,0.30389982,0.06387292,0.06625436,0.10283887,0.008083206,0.03414897,0.23108189,0.012219561,0.18345004,0.057751387,0.021655625,0.20097686,0.1927601,0.19107036,0.16012205,0.2117428,0.0,0.30702117,0.06800882,0.10913699,0.20877026,0.17897978,0.0,0.0833763,0.18603243,0.12579232,0.10100815,0.0,0.040524613,0.11572142,0.07316581,0.2734962,0.0,0.017085228,0.17274222,0.050157897,0.02685532,0.27726358,0.13133074,0.020323565,0.16378313,0.0,0.12748821,0.18266322,0.20574981,0.11698453,0.15656629,0.14973192,0.16208827,0.2790835,0.13630015,0.15769896,0.27855176,0.085549064,0.117445916,0.007911611,0.030612845,0.09644013,0.13210166,0.40076286,0.0,0.072983995,0.22770917,0.3623627,0.027859408,0.009063903,0.13114609,0.0,0.11447281,0.13905254,0.24544331,0.08627649,0.24617845,0.27894846,0.0,0.14700347,0.0,0.114278264,0.1694227,0.007369414,0.014698957,0.08353503,0.07970183,0.17371269,0.19678006,0.26155093,0.047001235,0.14652349,0.21184397,0.15507291,0.0873846,0.16498958,0.2701569,0.14005324,0.10044352,0.058658637,0.029972143,0.14482023,0.14185038,0.18121907,0.11802638,0.10189145,0.0,0.06974437,0.17299263,0.023496643,0.07364158,0.15645124,0.11848345,0.23103197,0.095983654,0.29633877,0.17391685,0.26885024,0.26253477,0.10838267,0.14078443,0.13746604,0.07238944,0.09029938,0.06187398,0.48343846,0.34496313,0.23188415,0.30301896,0.11302375,0.15376809,0.02399538,0.07509547,0.0,0.28316018,0.024776548,0.024712805,0.28837675,0.08577368,0.20365162,0.11668691,0.18802215,0.01949533,0.16981444,0.10412812,0.040041633,0.25196028,0.11598514,0.2013736,0.0,0.12078017,0.04786582,0.0,0.04490865,0.29335007,0.124472685,0.3203165,0.33968592,0.20008637,0.18789153,0.0,0.19233045,0.24305846,0.22654444,0.06529346,0.058588915,0.12754264,0.09290791,0.13139696,0.33300236,0.05202106,0.066762805,0.26427194,0.053678833,0.13161357,0.08056238,0.19622725,0.18523993,0.04614874,0.06724061,0.102583915,0.18805541,0.088009834,0.22082616,0.05037203,0.28230453,0.27741408,0.3670888,0.34492636,0.18187898,0.12241517,0.1206234,0.063262105,0.090913996,0.13014054,0.24081972,0.27624592,0.039839376,0.16908142,0.067671075,0.14601517,0.2997737,0.101872906,0.0,0.049570948,0.08815072,0.2855855,0.0767691,0.0,0.15728095,0.06948808,0.209348,0.0,0.0,0.1583523,0.114268385,0.020356096,0.0,0.0,0.03296236,0.21926758,0.13191605,0.20569636,0.043201175,0.12846197,0.0,0.24472716,0.2255609,0.0,0.0,0.17559616,0.0,0.030009367,0.026275825,0.08143896,0.14770412,0.0,0.014249414,0.17488825,0.2266976,0.05389363,0.0,0.26418296,0.015377995,0.15441874,0.0,0.14043246,0.0,0.18376736,0.050678287,0.16993187,0.11370285,0.19628322,0.08369885,0.1007675,0.23593815,0.29733145,0.09611343,0.2260489,0.0,0.043568965,0.11064489,0.0,0.007057462,0.19462223,0.11595349,0.19577752,0.3443368,0.0918079,0.16219044,0.09490189,0.3404752,0.039579477,0.075126,0.23468977,0.13100886,0.0,0.15625307,0.0,0.04066544,0.025239233,0.11931836,0.06591934,0.071799405,0.0066767577,0.15453254,0.10969022,0.019641915,0.24895735,0.059560064,0.0,0.22544102,0.15446748,0.0,0.26929498,0.24695487,0.058246795,0.3414885,0.0,0.16121499,0.1559995,0.089670524,0.0,0.013356075
RSPagl,0.008906968,0.35959753,0.21972154,0.07087967,0.023051206,0.21846044,0.10781854,0.11717178,0.0013684966,0.0982338,0.0,0.0732559,0.09457915,0.13627705,0.0,0.0,0.0,0.16569023,0.3511175,0.06856738,0.050952286,0.13388517,0.120995216,0.31933337,0.16730362,0.15952304,0.06010713,0.0,0.2759306,0.0,0.17006578,0.059433438,0.23240378,0.32475638,0.28366363,0.3458443,0.021525018,0.4256178,0.16118324,0.16057861,0.0,0.32975885,0.0,0.19652437,0.22927557,0.22245748,0.054524064,0.14924559,0.3402168,0.0,0.07768473,0.39306623,0.17306626,0.056638088,0.31984922,0.31128225,0.03564546,0.030264335,0.08790968,0.1513009,0.2121693,0.24335746,0.07729756,0.13233268,0.044686303,0.033849437,0.17894207,0.13234472,0.18917654,0.21103385,0.037383094,0.4752373,0.09968378,0.1559839,0.103731945,0.26219612,0.37581825,0.027448855,0.12763286,0.07127692,0.3867242,0.41249973,0.15823963,0.16152892,0.3111813,0.21785547,0.23851578,0.12054341,0.0,0.22066604,0.041392084,0.119451255,0.27651227,0.24861819,0.0,0.27100927,0.06367804,0.16263758,0.13235822,0.14696948,0.077094816,0.10458371,0.14833283,0.07013515,0.04695592,0.0,0.1043009,0.12910868,0.29283422,0.11609642,0.3238973,0.036204804,0.0,0.35799155,0.34830502,0.29219437,0.02267495,0.23466088,0.03907408,0.14595246,0.07878976,0.3846492,0.1045593,0.24845299,0.1042351,0.12743089,0.11142619,0.012980152,0.1727538,0.23004869,0.091124795,0.110025644,0.0,0.04218424,0.27478588,0.4212145,0.2421062,0.0,0.22540835,0.0,0.04591723,0.12610345,0.13375632,0.24206294,0.27023083,0.0034290925,0.023530979,0.0,0.19134665,0.09515616,0.03689451,0.20777078,0.0,0.18503256,0.16992164,0.17995816,0.2306248,0.2204104,0.09552626,0.1194334,0.2487205,0.20757091,0.05718983,0.29800904,0.07007933,0.15139541,0.17920475,0.11807784,0.0,0.091094635,0.168804,0.21109831,0.08308658,0.18397431,0.040703245,0.08539529,0.22963214,0.005117964,0.10883897,0.18469606,0.1719383,0.034499038,0.12449087,0.3844159,0.25553572,0.24021176,0.037948757,0.0,0.09875071,0.2822052,0.0729801,0.15274867,0.2479583,0.44654924,0.27692202,0.1577657,0.18278386,0.29280198,0.23892838,0.087026216,0.14652827,0.05303629,0.083062544,0.085032485,0.0,0.0533332,0.20752269,0.15137471,0.35541305,0.13516547,0.12271495,0.16905887,0.23488863,0.2082,0.1592819,0.2504601,0.0,0.31527784,0.0,0.19215862,0.29415116,0.074717194,0.0,0.1479105,0.22441052,0.11818068,0.18062213,0.0,0.0,0.106320605,0.10499489,0.49249312,0.009493612,0.03278428,0.16317907,0.07623263,0.026295781,0.30121875,0.12579446,0.05004966,0.14280665,0.0,0.22385149,0.21618359,0.26984748,0.25921416,0.23143987,0.12699057,0.35874003,0.2584872,0.23365879,0.19889173,0.31168535,0.008408099,0.08525589,0.01362526,0.018514065,0.0930839,0.13289648,0.46515894,0.0,0.14302625,0.18010701,0.36280784,0.0,0.012526561,0.2158354,0.06304881,0.05998976,0.1996142,0.27766106,0.0,0.19453013,0.27332938,0.0,0.14549005,0.0,0.06257009,0.33139148,0.10466754,0.041976627,0.07286222,0.056093097,0.114435375,0.2276041,0.42703015,0.09360955,0.22822131,0.11421564,0.10775483,0.031160373,0.20792325,0.2803667,0.081308484,0.16079363,0.0069408864,0.08762453,0.22146893,0.095954165,0.05738956,0.3261663,0.13956228,0.0,0.24270388,0.1073211,0.08768067,0.13437398,0.17555396,0.19980383,0.13054752,0.15203764,0.32741207,0.17427412,0.2781005,0.35100916,0.27327397,0.3183319,0.033636965,0.10369908,0.16362101,0.064774625,0.5572198,0.5127422,0.2564603,0.25372514,0.2874197,0.07060097,0.0,0.0,0.0,0.34660816,0.041258283,0.0,0.3247903,0.18447639,0.29892185,0.22228794,0.202489,0.025074594,0.26519662,0.049546573,0.021374129,0.33597296,0.058160536,0.35986716,0.0681732,0.12735255,0.09692285,0.011133678,0.048421748,0.26491687,0.1092648,0.3578625,0.29070848,0.27124417,0.24231945,0.09723048,0.105587795,0.23327915,0.40935728,0.09792252,0.034660965,0.18481545,0.10030878,0.2443322,0.43573132,0.17542735,0.0,0.35894397,0.04678911,0.2961769,0.0,0.13401085,0.1488234,0.10580948,0.09766932,0.17339139,0.28993967,0.20558241,0.21709526,0.23395586,0.29594424,0.28360295,0.5003184,0.2056732,0.17001271,0.12657481,0.11773938,0.1335971,0.12801224,0.19368705,0.21400347,0.21357383,0.08346903,0.20717013,0.11816026,0.147719,0.41442573,0.12396866,0.0,0.07814373,0.06994326,0.3054061,0.26368305,0.0,0.20342997,0.14565611,0.1619707,0.046914082,0.0,0.19635816,0.12237286,0.0,0.0,0.0,0.00835312,0.19263673,0.24125239,0.17748351,0.0,0.13004324,0.0,0.12955478,0.2947637,0.0,0.0,0.1562706,0.0,0.11134915,0.0,0.010700958,0.26845813,0.0,0.0,0.35087872,0.2183741,0.0,0.0,0.31534964,0.007249046,0.20955297,0.0,0.22634985,0.04986682,0.2562734,0.0,0.22147663,0.03225384,0.16316563,0.09228397,0.19655037,0.26509622,0.44094753,0.016101982,0.28336868,0.0,0.19569165,0.19443867,0.0,0.03472848,0.2875499,0.103151344,0.39604214,0.44382185,0.23810053,0.38807154,0.20417203,0.424204,0.02569366,0.0,0.30622336,0.10597295,0.0,0.22914107,0.0,0.11877519,0.023454838,0.15946752,0.08500224,0.11915703,0.0017910991,0.18548806,0.020911165,0.052418526,0.2918408,0.082262106,0.0,0.1519591,0.0140159745,0.0,0.13123234,0.22110958,0.12409209,0.47156233,0.0,0.20543437,0.19484164,0.16542612,0.0,0.10868559
RSPd,0.14795904,0.3824859,0.18417685,0.06890172,0.3396113,0.11903825,0.3728508,0.21915664,0.2019403,0.08993157,0.21344516,0.19245787,0.015192078,0.0,0.0,0.0,0.14847244,0.472111,0.1768458,0.06996977,0.15488298,0.0482822,0.21591875,0.32440335,0.18897232,0.3387824,0.0915086,0.3497341,0.31275392,0.46974927,0.20116307,0.25553858,0.23850942,0.052192524,0.33869112,0.07129684,0.41471484,0.6103727,0.052385926,0.2921802,0.06242432,0.25472674,0.006022116,0.19524457,0.113577574,0.08903534,0.0,0.06412978,0.49673688,0.055151306,0.0051346943,0.7412597,0.30406997,0.17572236,0.72722834,0.30299866,0.35733706,0.0,0.35979936,0.2024954,0.1018424,0.5879688,0.0,0.01805284,0.22184205,0.19143023,0.53428775,0.43502158,0.45658904,0.500518,0.0,0.43516022,0.48332158,0.2703138,0.025228553,0.0,0.2585211,0.076449595,0.21378824,0.04368903,0.30413416,0.33572912,0.30602357,0.2145592,0.41860232,0.44097328,0.48886546,0.11867918,0.0,0.0,0.2775099,0.11762929,0.37345368,0.2717526,0.0,0.24727784,0.11792827,0.19004689,0.115267016,0.028794713,0.16754742,0.06492645,0.09403837,0.0,0.0,0.0061211344,0.0,0.0,0.0,0.0303755,0.2304777,0.038428247,0.116767794,0.49347275,0.16166236,0.10928446,0.16261831,0.22436106,0.30723006,0.080896124,0.43834466,0.14098017,0.06525318,0.29656518,0.32357132,0.07824673,0.036330216,0.17938235,0.08768216,0.2813259,0.23852372,0.0,0.0,0.19175014,0.24723916,0.25678763,0.38529402,0.32454064,0.07332629,0.0,0.06804655,0.24440807,0.1457254,0.4799642,0.060241997,0.05326008,0.0,0.0,0.2450533,0.0,0.21781829,0.34995836,0.1608972,0.30367452,0.31396922,0.3040906,0.36525872,0.28126544,0.0,0.057342142,0.0,0.0,0.0058883876,0.3384779,0.08800058,0.0,0.3247127,0.0,0.0,0.035626456,0.22300117,0.0347251,0.2441612,0.13974988,0.0,0.0,0.1281981,0.019565621,0.0515875,0.08083159,0.3150794,0.10718112,0.58114636,0.38099113,0.2683967,0.024628166,0.0,0.0,0.050426863,0.20124282,0.19730836,0.24137421,0.2996132,0.41511315,0.34437743,0.07322205,0.0,0.18965542,0.18057339,0.26179695,0.5653993,0.0,0.34422672,0.26062834,0.124482684,0.0,0.19528282,0.0,0.7847673,0.056939796,0.21251334,0.39510623,0.3230363,0.12179404,0.31636882,0.19100288,0.13217378,0.2241184,0.716613,0.0,0.05881986,0.3484145,0.29464355,0.57956046,0.28450364,0.0,0.17103843,0.0,0.21488829,0.24333654,0.5664928,0.59328663,0.0,0.22968034,0.0,0.19136918,0.0,0.0,0.60970974,0.49904978,0.19234839,0.002149213,0.17141734,0.0625957,0.38991466,0.46149033,0.11595177,0.097971275,0.28008297,0.17409489,0.15275754,0.0,0.6159602,0.056668703,0.29918182,0.028653603,0.0,0.31130624,0.07222478,0.498618,0.0,0.0,0.43250775,0.36524668,0.11654122,0.5452227,0.247081,0.0,0.28646728,0.45672297,0.16951384,0.17001201,0.16014227,0.118140936,0.30086932,0.050814103,0.25399452,0.009330198,0.2791912,0.18425226,0.077285245,0.120607644,0.012425579,0.0,0.48489514,0.1478852,0.35770035,0.0464185,0.48343566,0.0,0.3812148,0.45523098,0.3325997,0.43097404,0.5688163,0.015881121,0.06443312,0.04579517,0.5965879,0.19807896,0.18694247,0.08717106,0.0,0.17343304,0.04637838,0.0,0.07419958,0.2453732,0.6086448,0.30029434,0.20402886,0.5275114,0.15173678,0.08026457,0.61999243,0.028230514,0.16526586,0.209151,0.0,0.0066316407,0.19063923,0.35100833,0.41698104,0.38163114,0.2831854,0.0017852634,0.1726621,0.0,0.0,0.1410564,0.60638946,0.1283229,0.07588102,0.3622691,0.0,0.13797596,0.2303547,0.088977665,0.23637035,0.21102625,0.0,0.22260772,0.18407847,0.52319616,0.330201,0.1903328,0.2613215,0.0,0.0,0.0,0.70017254,0.0,0.6412568,0.46695375,0.5343068,0.22152276,0.1599024,0.04034136,0.48320472,0.30973226,0.0,0.053926535,0.1952514,0.0,0.3513041,0.44281945,0.100611955,0.0,0.47172645,0.35271123,0.0,0.0,0.0,0.23985538,0.01988733,0.29817972,0.0,0.068958566,0.40977997,0.021565072,0.26243615,0.22360039,0.28342825,0.4739558,0.5072815,0.3204202,0.007256907,0.10825503,0.043393165,0.0,0.4549005,0.04059315,0.4160555,0.060690653,0.29991826,0.11393359,0.049070995,0.19943237,0.26435354,0.056101594,0.39367938,0.0,0.3530814,0.0,0.0,0.18652195,0.0,0.2688793,0.0,0.0,0.0065572173,0.0,0.22273925,0.0,0.28840804,0.021125613,0.4372139,0.16492718,0.15917732,0.19385377,0.17811897,0.09257765,0.11043736,0.064369865,0.0,0.0,0.05154829,0.0,0.16668513,0.0,0.0,0.12390267,0.0,0.28372592,0.14626576,0.29622915,0.0,0.0,0.5858661,0.0,0.0,0.0,0.45735624,0.22887163,0.0,0.0,0.30696046,0.3130518,0.0,0.08799136,0.1443583,0.3917196,0.40077883,0.0785843,0.2966538,0.0,0.3697727,0.18612012,0.0,0.19385493,0.5438519,0.066281006,0.3744353,0.7174644,0.0,0.072079495,0.0,0.45051035,0.0,0.52503943,0.5119449,0.09408239,0.21119237,0.04268497,0.0,0.31129444,0.31123835,0.24052253,0.1582058,0.25192192,0.01251051,0.0,0.022377275,0.5706693,0.52967167,0.088676676,0.0,0.25851637,0.22395015,0.44543827,0.18138903,0.0,0.5395261,0.37836036,0.0,0.45118272,0.2219352,0.16776133,0.05368422,0.0
RSPv,0.19088575,0.47905943,0.18415123,0.14642842,0.4618804,0.11758616,0.4923863,0.35157436,0.25924867,0.042825125,0.3274488,0.34450975,0.034323074,0.0,0.0,0.0,0.26905918,0.5423328,0.16572608,0.11707997,0.15392491,0.053344533,0.29865184,0.32326674,0.30717385,0.48165992,0.12835653,0.46627274,0.44620603,0.55091864,0.30566415,0.3589995,0.29713678,0.098836295,0.45928395,0.10916005,0.45259568,0.7343984,0.06619643,0.33857638,0.13371667,0.24106948,0.0,0.3904142,0.1582849,0.08845407,0.013752345,0.13761663,0.6748173,0.11878928,0.121848226,0.93762183,0.3860787,0.16373177,0.95838296,0.4053841,0.36969987,0.0,0.47171396,0.20046252,0.18099864,0.65881586,0.0,0.022871492,0.28647828,0.23382713,0.65005493,0.5402921,0.57307863,0.61360186,0.0,0.56676966,0.6341584,0.39877227,0.0,0.0,0.2910401,0.1599042,0.15077856,0.12977295,0.41347757,0.5645058,0.47657353,0.3422697,0.45159525,0.56935126,0.71058214,0.31553364,0.0,0.12892482,0.34589073,0.1544103,0.49641037,0.23159197,0.02879408,0.37386334,0.1317509,0.2405242,0.11840764,0.03195297,0.2764345,0.025608819,0.10769061,0.0,0.0,0.09385861,0.0,0.0,0.0360241,0.0,0.36197078,0.167786,0.14591818,0.6744033,0.14575496,0.07325179,0.22880849,0.20962709,0.25153625,0.17363858,0.4945878,0.24936464,0.088395685,0.30547103,0.41034693,0.0217124,0.1827295,0.3173571,0.07463298,0.30026123,0.3373865,0.0,0.072346404,0.30543578,0.35955417,0.43512756,0.42455676,0.46191293,0.20267957,0.0,0.22830124,0.32970205,0.09179644,0.6499498,0.06462115,0.13206446,0.0,0.0,0.387465,0.08914542,0.29883868,0.5083642,0.17385836,0.2999026,0.4510293,0.60148215,0.56621313,0.286467,0.11826827,0.088332295,0.008327555,0.0,0.0,0.46141586,0.16835332,0.0,0.441084,0.0,0.0,0.03577991,0.31281576,0.048735153,0.33610448,0.25895876,0.0,0.0,0.22195366,0.03717143,0.051440507,0.039020013,0.4720869,0.2301067,0.7997765,0.5371667,0.30634972,0.10272125,0.0,0.0,0.012737274,0.34336874,0.15792516,0.32996017,0.38035473,0.67690605,0.39528143,0.08562304,0.0,0.08676059,0.22805509,0.33899933,0.77476525,0.0,0.40381438,0.3646099,0.14226577,0.0,0.29250884,0.0,0.9365122,0.076658025,0.24178989,0.5616249,0.46212184,0.10478061,0.410839,0.14143072,0.2041874,0.38864264,0.97436076,0.0,0.101478994,0.53293884,0.37232193,0.74013746,0.274239,0.018232834,0.26063785,0.01624664,0.35479444,0.37270382,0.64823985,0.71832925,0.0,0.25888133,0.0,0.16533998,0.042995006,0.04903836,0.7521611,0.7141143,0.28611982,0.0,0.239002,0.17516753,0.49062032,0.49387985,0.12828183,0.1966853,0.27785894,0.2547111,0.15627939,0.0,0.87853426,0.091683455,0.33866987,0.10961965,0.0,0.41456047,0.1649527,0.67600644,0.0,0.0,0.6011859,0.4889752,0.17444102,0.68827665,0.39729968,0.0,0.34865552,0.54641974,0.28242928,0.24051972,0.2806521,0.15994589,0.4214333,0.10013592,0.3479379,0.1292134,0.31775627,0.16334361,0.16711484,0.15202393,0.08357395,0.0,0.6372525,0.18814062,0.35824192,0.00889286,0.68823034,0.0,0.43202174,0.5866396,0.52015436,0.55447644,0.6939054,0.13485186,0.0,0.09708525,0.73183477,0.42552367,0.04354757,0.040605746,0.0,0.13016921,0.20580658,0.0,0.065542124,0.26892945,0.6997033,0.4645182,0.19036156,0.68637043,0.25362253,0.19696997,0.73201376,0.03942595,0.19233915,0.32993108,0.0,0.0,0.28341344,0.40521932,0.60473657,0.5014108,0.43689966,0.012531456,0.41082132,0.0,0.04281232,0.28877908,0.7923393,0.20376468,0.116949156,0.49077573,0.0,0.23609516,0.29899615,0.14676823,0.2232015,0.42168948,0.019676533,0.28838304,0.30200997,0.5440694,0.42586166,0.16567126,0.42980817,0.0,0.0,0.0,0.8579341,0.02586949,0.9314724,0.76285183,0.63651013,0.25440085,0.1829048,0.20441517,0.6699253,0.41682118,0.018179435,0.063148074,0.26494125,0.0,0.44795758,0.66847587,0.063831694,0.0,0.63853395,0.4896458,0.072181,0.0,0.0,0.42415544,0.0,0.43953645,0.044648245,0.039521113,0.4876355,0.12945673,0.32312328,0.34100297,0.51813066,0.59040505,0.77502143,0.37865338,0.021603841,0.19840398,0.07747316,0.0,0.5919931,0.111446634,0.67580897,0.023447681,0.3942674,0.2297611,0.11703247,0.3680876,0.28991866,0.0008084215,0.41062725,0.0,0.44159815,0.02260375,0.0,0.18114741,0.0,0.38322294,0.0,0.073709086,0.10542952,0.0,0.38989407,0.0,0.38108212,0.0,0.48144457,0.2799338,0.42860493,0.34456787,0.17769782,0.10082768,0.25210637,0.19421048,0.0,0.0,0.087614045,0.0,0.23011002,0.0,0.042687155,0.16732451,0.0,0.3559535,0.22826087,0.3671219,0.0,0.0,0.69338393,0.15249598,0.0,0.0,0.51916146,0.2738191,0.0,0.0,0.29702842,0.46706882,0.10849514,0.15030786,0.333542,0.5090703,0.61663795,0.12428394,0.42123052,0.0,0.33924204,0.20986292,0.0,0.27419606,0.56274736,0.020149823,0.44641912,0.867073,0.0,0.12622435,0.0,0.5014523,0.0,0.79943854,0.5214275,0.12561846,0.27253067,0.09276148,0.0,0.34051603,0.43708915,0.20890784,0.18648848,0.31863755,0.03473702,0.0,0.09304404,0.72299904,0.6075549,0.0680808,0.0,0.35931665,0.4088847,0.64277476,0.23313232,0.0,0.6722419,0.37245014,0.0,0.49447563,0.3319807,0.24163572,0.1167437,0.0
VISp,0.090889946,0.22345263,0.083202764,0.16164465,0.19077583,0.20517552,0.24752769,0.22455437,0.07154432,0.0,0.18000826,0.101156905,0.20734854,0.0,0.082383424,0.0,0.07383999,0.17061423,0.19760188,0.024818595,0.062427454,0.17934489,0.20493057,0.22633685,0.1927469,0.2282063,0.093766905,0.063424625,0.10364033,0.22458695,0.15149502,0.000609681,0.1407876,0.31982905,0.21487017,0.21988304,0.08126639,0.3913748,0.019233853,0.19291237,0.11192784,0.10376185,0.0,0.19826847,0.24733648,0.0030138865,0.13816002,0.16407333,0.3035826,0.086171225,0.21845925,0.45668265,0.1270577,0.008794991,0.41058937,0.11631184,0.20584732,0.029473694,0.036210444,0.15362757,0.24788849,0.28088686,0.03196357,0.14863074,0.2726081,0.0842336,0.2249023,0.1886091,0.20048217,0.25411123,0.07345296,0.4375287,0.2541397,0.22843386,0.06325812,0.0923388,0.31231564,0.12530224,0.0,0.08443986,0.11801806,0.38012463,0.33895656,0.29034096,0.20206873,0.24125086,0.17958528,0.40911344,0.0,0.28914323,0.22594471,0.12635091,0.26890695,0.05088766,0.027500495,0.122216634,0.0,0.17189535,0.11670626,0.0,0.20887043,0.09324809,0.11000595,0.0,0.00666509,0.21588755,0.0,0.048256416,0.07656319,0.048340622,0.30589688,0.2873871,0.14227556,0.48917085,0.20740323,0.3422378,0.0,0.14541239,0.02652117,0.297258,0.34578282,0.4396676,0.0,0.08903803,0.13762379,0.0,0.2704808,0.1541438,0.03696328,0.286033,0.08398952,0.050990634,0.0,0.15649398,0.32672405,0.26095954,0.23184685,0.19790396,0.3447424,0.0,0.21050325,0.0857617,0.0,0.29360753,0.1035563,0.052839957,0.045308426,0.0,0.19764097,0.20981875,0.09322915,0.38923535,0.06807487,0.07226069,0.10316883,0.354403,0.21203148,0.25424695,0.20010446,0.14876562,0.102302015,0.13626443,0.0,0.35917935,0.14254557,0.22575784,0.19063684,0.0,0.0,0.0036165416,0.07185357,0.035201296,0.10742889,0.10413661,0.21195847,0.14089623,0.15697914,0.18155286,0.0,0.051745024,0.25695658,0.09828858,0.24391806,0.35112396,0.07877599,0.22396272,0.011688821,0.0,0.0,0.29061002,0.08061464,0.076771006,0.28442183,0.39322758,0.26455083,0.17512135,0.050015237,0.11606395,0.23245466,0.02845823,0.28743607,0.13458987,0.04884472,0.19430837,0.054131873,0.0,0.19301549,0.011996316,0.198553,0.004681118,0.0,0.3049258,0.21844967,0.21795812,0.1888016,0.11228756,0.0,0.44125578,0.29291242,0.0,0.07146482,0.32667744,0.06487912,0.3246482,0.23484425,0.043212403,0.0,0.0,0.17399646,0.17287818,0.19356066,0.2896794,0.0,0.023454633,0.08838023,0.05084411,0.03156154,0.1060709,0.23438936,0.2442112,0.23672077,0.0,0.21041834,0.31745395,0.3178983,0.20566063,0.13316041,0.22456083,0.1272805,0.29429957,0.040324617,0.17056884,0.45474058,0.008020341,0.2079377,0.08533202,0.02078904,0.0711965,0.2391847,0.3656962,0.0,0.0271448,0.23569906,0.4731246,0.11266723,0.2091811,0.2259196,0.060135443,0.1581325,0.18592753,0.2314161,0.07018154,0.34399042,0.23354846,0.059523366,0.06611596,0.0,0.28398886,0.08827259,0.051241726,0.18501781,0.16097389,0.15324885,0.087861106,0.28701174,0.1750624,0.0,0.07335715,0.44084886,0.229794,0.038896576,0.17941539,0.33531535,0.15777059,0.09941753,0.07492614,0.05434355,0.105493784,0.19075014,0.37312984,0.0055264626,0.0,0.0,0.022694096,0.28412277,0.033736683,0.04573345,0.17907755,0.18229502,0.2890364,0.22871989,0.5675529,0.30073625,0.31025672,0.21651551,0.12981193,0.09754644,0.1828003,0.09120644,0.06566302,0.16366984,0.35491303,0.32499993,0.25056624,0.29339847,0.09659477,0.15437493,0.042712796,0.14350657,0.11120869,0.34855187,0.103355855,0.04301915,0.40042526,0.0,0.12683016,0.16179413,0.28531063,0.04430429,0.15783165,0.0364674,0.11991608,0.32047278,0.13906515,0.24425912,0.05129629,0.17453781,0.0,0.0,0.030247625,0.3239578,0.16731021,0.43764734,0.5380471,0.23057224,0.22288719,0.16496582,0.3141743,0.34573868,0.17001149,0.11805242,0.08896402,0.04545694,0.099357806,0.11137262,0.3465633,0.058880158,0.089669466,0.36082205,0.09872894,0.06498231,0.17558171,0.20307256,0.27013633,0.048708066,0.30854872,0.090543024,0.19776191,0.14226821,0.254863,0.1455747,0.3832202,0.3786043,0.31901136,0.41470668,0.0017433204,0.108567365,0.1358683,0.025805082,0.103930146,0.16144328,0.15173124,0.39324203,0.051060177,0.2200301,0.15766355,0.24317631,0.3837856,0.16767107,0.0,0.11222644,0.10307144,0.2531269,0.07180544,0.0,0.17269786,0.051770337,0.30409977,0.043421242,0.00015554577,0.2644991,0.16706389,0.12301281,0.0,0.1501185,0.02133595,0.18987152,0.27073547,0.3727995,0.2018589,0.049140804,0.024527151,0.4580856,0.22570175,0.0,0.02767713,0.060137864,0.0,0.15755019,0.027525824,0.1375729,0.06400113,0.0511232,0.06990188,0.1674651,0.3046997,0.061112717,0.0,0.35838038,0.02224471,0.11279584,0.0,0.11070464,0.04617947,0.12497325,0.01973832,0.15720123,0.1426349,0.2571572,0.25428945,0.16762474,0.2391669,0.35074803,0.12123227,0.2056111,0.0,0.19452186,0.0,0.0,0.060438167,0.1636152,0.16660856,0.3933277,0.41608334,0.05088678,0.13126121,0.0,0.29215473,0.0,0.31692538,0.16986454,0.25523448,0.019573191,0.113440104,0.023615047,0.0,0.20703806,0.10540906,0.15601915,0.0494403,0.0,0.09844753,0.2672359,0.13188629,0.2656957,0.12259127,0.0,0.17504261,0.29127237,0.16645466,0.25014704,0.33908537,0.16252975,0.30394408,0.0,0.1623163,0.233036,0.15575941,0.0,0.005048644
VISal,0.0,0.25850734,0.097269684,0.102560714,0.17228216,0.21766752,0.13900498,0.32811263,0.07010053,0.0,0.23929836,0.06518713,0.22443198,0.0,0.17167428,0.08621468,0.09169663,0.019727185,0.18070228,0.0,0.032021888,0.2941641,0.21977875,0.23559538,0.20566046,0.055977166,0.04809877,0.0,0.15454087,0.13917196,0.17846242,0.0,0.21551166,0.3076004,0.15702784,0.15939464,0.009108505,0.30876717,0.044316582,0.15638463,0.18970464,0.12834288,0.0,0.3095301,0.3531009,0.0,0.20897104,0.14371091,0.40743244,0.14206545,0.24915834,0.41758808,0.13933888,0.0,0.30779836,0.1357494,0.24153984,0.087943144,0.0,0.0,0.30929613,0.31274894,0.11072449,0.19382718,0.21833324,0.0,0.18201406,0.20221257,0.1268489,0.18311703,0.25305635,0.3946381,0.2711165,0.3517208,0.16276616,0.1919286,0.22445075,0.1465674,0.0,0.0028948183,0.13363093,0.40092552,0.37804347,0.35090074,0.09302204,0.16473639,0.28893906,0.40016735,0.0,0.47958925,0.18761823,0.123013616,0.26174545,0.0,0.015398227,0.20081423,0.0,0.29032338,0.18773228,0.045109008,0.22702554,0.107354686,0.01051186,0.03986212,0.064533256,0.41551715,0.0,0.031509947,0.18663168,0.11960696,0.40181988,0.3164945,0.17937636,0.65826946,0.045711428,0.36658806,0.017296026,0.071152,0.0,0.4000053,0.360664,0.5784253,0.0,0.037044387,0.0919654,0.0,0.39195043,0.22659637,0.038321573,0.14976004,0.066415526,0.09184511,0.09004864,0.16722931,0.36048216,0.31533507,0.14187314,0.056655135,0.4284523,0.0,0.20649838,0.14100951,0.0,0.221631,0.11088217,0.031453393,0.122388415,0.0,0.32559472,0.24272105,0.08386088,0.42236528,0.03459838,0.0,0.026767988,0.5094031,0.39052764,0.14268924,0.40984142,0.09645793,0.20562434,0.14634395,0.0,0.41172093,0.03131744,0.33568916,0.1848466,0.011443634,0.0,0.015887138,0.11852573,0.09539168,0.020402666,0.044669926,0.31246772,0.18633956,0.057088915,0.20018272,0.0,0.02909439,0.36025298,0.09581083,0.15877666,0.35979646,0.22938208,0.27375582,0.17268886,0.0,0.0005142763,0.4427773,0.063472554,0.05687505,0.2275373,0.46780568,0.14571257,0.1456107,0.10142408,0.08008535,0.2327448,0.016888589,0.30589062,0.119361535,0.07571849,0.16139925,0.017381586,0.00818646,0.2599706,0.0,0.030125795,0.11226146,0.0,0.3588475,0.27409637,0.28029153,0.14715327,0.16370282,0.0,0.4739804,0.18802242,0.080610834,0.13346727,0.3941381,0.027699217,0.12815022,0.28425518,0.1183915,0.03599922,0.0,0.15600593,0.13728346,0.06651923,0.12880538,0.06828746,0.14319374,0.17748134,0.045719266,0.058306918,0.25905314,0.13463849,0.20230432,0.3056824,0.0,0.14494966,0.39622787,0.1259495,0.030106746,0.15132037,0.15241729,0.038128465,0.2554699,0.08449066,0.27361542,0.3945953,0.15806927,0.09149037,0.059962805,0.023264227,0.104217395,0.24931449,0.4128211,0.0,0.12465656,0.22998837,0.6602324,0.117682695,0.035573196,0.092591584,0.076921076,0.21809627,0.019832075,0.3618589,0.08664233,0.4057832,0.27916268,0.0077836346,0.20947984,0.0,0.38339224,0.06402002,0.0,0.1676261,0.09710653,0.23207699,0.24070866,0.28752616,0.17843093,0.0,0.08520672,0.40507865,0.33277217,0.0,0.17477687,0.38371617,0.30513275,0.016892439,0.16801281,0.0,0.17787641,0.050057184,0.3893446,0.00548687,0.0,0.0,0.03740865,0.38187075,0.0,0.0049084965,0.20449899,0.061573394,0.3474078,0.17736863,0.46369717,0.34099907,0.47040993,0.061476193,0.053797375,0.07422984,0.187679,0.11007708,0.0027615093,0.18013448,0.5627747,0.41645235,0.24255916,0.33422536,0.1051463,0.250922,0.093751386,0.24835111,0.079349525,0.29511046,0.06577486,0.040979575,0.35268265,0.0,0.24582389,0.1105457,0.27369732,0.0,0.18497808,0.113267004,0.10966307,0.46937913,0.16526091,0.28744984,0.0,0.19089529,0.0,0.0,0.11489843,0.33873564,0.20247728,0.4026225,0.571248,0.10918522,0.2412677,0.09255755,0.412217,0.3071646,0.1332888,0.12550676,0.054223932,0.073195234,0.11867825,0.045330208,0.32119825,0.037272792,0.08736998,0.31008434,0.028865915,0.14135532,0.18251863,0.2628458,0.35000926,0.0,0.22076751,0.113451466,0.15035063,0.047134962,0.3409772,0.031168368,0.41656452,0.58209914,0.30887482,0.5651678,0.030382834,0.20298651,0.15782763,0.0,0.10602905,0.13900776,0.2821586,0.5572644,0.046234738,0.12028871,0.14115725,0.3245035,0.4697659,0.14159444,0.0,0.022557408,0.18523034,0.24743417,0.07981078,0.0,0.23085237,0.11142096,0.38550633,0.019875985,0.0,0.35355654,0.24500771,0.11544903,0.0,0.092320696,0.07721325,0.20774144,0.33025277,0.49384174,0.27439877,0.0,0.09317531,0.5234315,0.2994651,0.0,0.13752808,0.20133178,0.0,0.12889926,0.03323072,0.16933513,0.06302183,0.05811496,0.03594978,0.102216534,0.31769368,0.2064366,0.0,0.3024733,0.14952983,0.18610859,0.02262171,0.063099526,0.0,0.25414324,0.07764493,0.25248176,0.1233494,0.46257967,0.3291303,0.20687568,0.1638339,0.32827598,0.0629774,0.18594955,0.0,0.08464644,0.0,0.0,0.10351063,0.13540775,0.1512562,0.22145605,0.40033108,0.12534519,0.16912135,0.0,0.2705265,0.05854546,0.21831334,0.08610481,0.20601596,0.0,0.18665715,0.0,0.0048132297,0.15895006,0.040682033,0.094289124,0.004730144,0.016665453,0.19616461,0.286697,0.11682678,0.2373638,0.14863315,0.0,0.17183454,0.31060186,0.0779616,0.3734448,0.5856746,0.042951148,0.30888632,0.0,0.17223537,0.250505,0.164472,0.0,0.0
VISam,0.0,0.2870941,0.124150224,0.17381863,0.09329434,0.15896073,0.13127095,0.2129155,0.0,0.09229193,0.112060994,0.05623537,0.26599097,0.06466282,0.0,0.0,0.0,0.0039856033,0.36965263,0.0,0.07673538,0.19208619,0.07339103,0.39102745,0.22171387,0.09979122,0.024679776,0.0,0.26135498,0.0,0.25436938,0.01777029,0.34517446,0.36201876,0.2100025,0.3983516,0.027597286,0.3969947,0.25750488,0.1707777,0.0,0.261792,0.0,0.20217021,0.21279204,0.28781545,0.21514554,0.11066454,0.28255492,0.0,0.022609532,0.4430119,9.616837e-05,0.0,0.21596716,0.3758821,0.0,0.006551726,0.0,0.14707574,0.26302636,0.1810513,0.14274238,0.1965326,0.09587066,0.0,0.12671298,0.015691947,0.18086652,0.20779634,0.0,0.4822185,0.11837168,0.17923443,0.07530077,0.37467605,0.5016327,0.0469622,0.20131898,0.117277674,0.36859503,0.35545108,0.14102992,0.18194976,0.27610725,0.14821497,0.18468183,0.15497161,0.0,0.2616596,0.0,0.1090097,0.17178842,0.13780078,0.0,0.26549554,0.081071645,0.14968179,0.030709516,0.22030832,0.10856918,0.03183574,0.16618171,0.20331529,0.0794802,0.0,0.19113302,0.13511617,0.45944545,0.075926036,0.2923572,0.11935747,0.0,0.4035768,0.25393736,0.3027622,0.08625335,0.19957224,0.040438555,0.2074677,0.035868444,0.3716634,0.078970104,0.22942197,0.20021361,0.13934411,0.19807228,0.15456142,0.17254204,0.2564422,0.0,0.17189749,0.0,0.0091822855,0.26245522,0.39401796,0.20572332,0.0,0.29963478,0.0,0.03992862,0.12893978,0.15527742,0.049764104,0.24994178,0.010631263,0.07399611,0.0,0.25809258,0.2703212,0.085600406,0.19871892,0.06843242,0.13518001,0.22553688,0.22915089,0.19107485,0.3018598,0.26382023,0.20086344,0.22785424,0.10352101,0.027923182,0.28849757,0.0822864,0.19242078,0.24970563,0.1780522,0.0,0.08203766,0.22133347,0.22470635,0.14096369,0.26205355,0.1711261,0.060555093,0.045230053,0.07637046,0.08973678,0.24412338,0.18146482,0.04220369,0.1863842,0.39575395,0.28532204,0.27196085,0.14525914,0.0,0.03039901,0.4522257,0.09822411,0.1884683,0.2470985,0.4558096,0.24942406,0.19358741,0.3052109,0.14163205,0.30694526,0.095973514,0.16871673,0.15317726,0.15050174,0.12485134,0.0,0.116698235,0.24948817,0.25770828,0.2938749,0.14899075,0.17400485,0.14058185,0.19832143,0.20831262,0.005008263,0.32669103,0.0,0.38074932,0.0,0.30515784,0.38024417,0.07917957,0.0,0.041747812,0.22052127,0.17493488,0.28391707,0.0,0.0,0.15396298,0.0,0.37056562,0.019200377,0.08485314,0.2204664,0.049910914,0.0,0.3541148,0.14905995,0.065887265,0.22679129,0.0,0.2764619,0.2420113,0.2455834,0.2524901,0.13575576,0.15552263,0.3726382,0.32171538,0.2820665,0.3030792,0.36464384,0.09598493,0.031648904,0.051989082,0.021857403,0.1498629,0.25299576,0.49056578,0.0,0.26500583,0.057475206,0.4712929,0.045540594,0.0,0.18891986,0.13721535,0.0,0.14271298,0.32438168,0.008908173,0.2983491,0.33547652,0.0,0.19138235,0.0,0.17789988,0.40593117,0.050488077,0.030499393,0.06971212,0.06798342,0.25914305,0.21587068,0.54595864,0.14295696,0.20922373,0.15756327,0.22143511,0.011658873,0.09365672,0.27885842,0.108081564,0.1381315,0.0,0.058249526,0.15611272,0.14046057,0.1387727,0.23172848,0.08754157,0.0,0.20959833,0.083060406,0.12959424,0.07482931,0.18000479,0.13810071,0.26386508,0.16330293,0.3338054,0.10965136,0.3132032,0.30393577,0.22776714,0.40394136,0.119045965,0.101481974,0.2348415,0.08757491,0.69649583,0.5669196,0.27762866,0.303485,0.25111544,0.17322446,0.055249657,0.053395387,0.0,0.3349853,0.021182481,0.0,0.3900382,0.2186313,0.40315452,0.2232336,0.24809049,0.0,0.32538605,0.10932,0.0,0.33314627,0.0,0.49176848,0.0,0.122308224,0.15215528,0.0,0.16787437,0.15840638,0.12679064,0.33468142,0.52054715,0.19049485,0.30224076,0.025288183,0.25221172,0.38364127,0.35683537,0.14797164,0.05310382,0.22990242,0.14868,0.20172551,0.40791708,0.18055841,0.033706166,0.2590081,0.037443455,0.39368847,0.036677476,0.21289583,0.15922566,0.096057415,0.16641307,0.22591741,0.48660627,0.16934203,0.3878408,0.21503773,0.2121735,0.32018858,0.47520503,0.31029034,0.19416478,0.1588638,0.18366264,0.20153928,0.28036633,0.075160526,0.35981536,0.19427773,0.076151036,0.26581326,0.07843928,0.100081936,0.4740733,0.13556042,0.0,0.0,0.13106254,0.22797304,0.34784237,0.0,0.2678289,0.12490476,0.12876509,0.13186231,0.0,0.23029003,0.1304543,0.0,0.0,0.0,0.038070492,0.19101202,0.30892435,0.24674423,0.0,0.11173511,0.0,0.1521419,0.27664644,0.0,0.0065202294,0.3068297,0.0,0.059580408,0.0,0.07336201,0.26063025,0.0,0.0,0.27316123,0.29632226,0.0,0.0,0.2945699,0.028418485,0.28954118,0.0,0.18740495,0.0,0.3293615,0.017677639,0.20471641,0.03585226,0.19467625,0.24667647,0.32329687,0.31770068,0.4614637,0.0,0.240849,0.0,0.14767776,0.16814964,0.035046697,0.0,0.24604748,0.08814849,0.33618072,0.47794443,0.16669512,0.4419311,0.201483,0.35687009,0.04047042,0.0,0.2465247,0.06515785,0.0,0.34346178,0.056648463,0.04459089,0.03681495,0.21404192,0.042038232,0.104690745,0.11550255,0.29563165,0.050108694,0.0,0.18329106,0.029882737,0.0,0.23172186,0.15114991,0.0,0.2993273,0.25767863,0.015115622,0.5003172,0.0,0.20222273,0.14108011,0.06754416,0.0,0.08796483
VISl,0.0,0.28024423,0.113923125,0.1383704,0.022844123,0.12430943,0.13577801,0.12966138,0.060828436,0.15665564,0.09846689,0.15328626,0.29878578,0.014400684,0.10753046,0.021919038,0.0,0.08800713,0.31651464,0.16174181,0.09526521,0.15912199,0.116356455,0.25822276,0.18037775,0.20098527,0.036107324,0.030604016,0.15907502,0.0,0.19667442,0.0,0.1819978,0.28888223,0.16665806,0.38464215,0.033373207,0.26457226,0.20575516,0.17725453,0.0,0.29169774,0.0,0.13736965,0.30186084,0.19453613,0.17596415,0.12615792,0.30383176,0.08096243,0.14636739,0.41206798,0.14400578,0.0,0.3066998,0.22015607,0.14338101,0.05123934,0.12708801,0.16877106,0.2114326,0.13653506,0.22689553,0.21698402,0.116289176,0.051485028,0.17731683,0.16619456,0.14967942,0.108069725,0.064513065,0.46863216,0.06936801,0.25026497,0.10742448,0.18007451,0.44819015,0.17394197,0.08967881,0.08013445,0.22353666,0.4166863,0.27272788,0.13169733,0.32310775,0.15352857,0.2206102,0.38103598,0.0,0.3368478,0.18561298,0.17999293,0.17528573,0.09764659,0.0,0.21865286,0.09353256,0.1154241,0.15340239,0.19186248,0.2421815,0.13224353,0.18849215,0.07256254,0.008880721,0.13477059,0.14182392,0.092214026,0.16531655,0.0434456,0.2878908,0.1642727,0.023003474,0.36296064,0.3303894,0.26377988,0.0139601845,0.22759993,0.0,0.2709064,0.1472772,0.4732892,0.056251552,0.2112336,0.16395059,0.0091738505,0.24052237,0.2081592,0.09753133,0.34041864,0.12585156,0.11946964,0.0,0.0735967,0.29580045,0.37278953,0.18156435,0.0,0.414494,0.035974465,0.07729552,0.08856243,0.07854825,0.20098265,0.20722844,0.0,0.14897037,0.052786484,0.18747659,0.13823828,0.21034464,0.2545849,0.052335925,0.12713125,0.2080006,0.31883973,0.13897085,0.3345608,0.15285881,0.24702904,0.22730686,0.09665131,0.012271572,0.28833354,0.1748025,0.1633534,0.1402942,0.1084593,0.0,0.03592351,0.0790021,0.15696979,0.069223955,0.14301638,0.1984411,0.04546553,0.21447115,0.15084745,0.043250885,0.10507044,0.19089796,0.11420348,0.21146181,0.35760134,0.12583084,0.25321066,0.084246054,0.0,0.0,0.475743,0.18898015,0.1254285,0.22415805,0.31586778,0.25006443,0.17675264,0.22948687,0.13607517,0.3324818,0.0008402914,0.21264362,0.15852189,0.07868553,0.09082907,0.042755634,0.028099705,0.2631232,0.2439844,0.24505436,0.14652748,0.09404953,0.12904257,0.24910565,0.2712704,0.04281975,0.13396211,0.0062510483,0.45662484,0.016590253,0.20636755,0.32147834,0.21347094,0.0,0.27473196,0.2324973,0.16541953,0.20011747,0.0,0.024969075,0.15810744,0.04327935,0.39866567,0.15237805,0.09103407,0.13926822,0.047992423,0.13915867,0.18483776,0.11088173,0.1021286,0.23062122,0.0,0.08265823,0.30725345,0.39727107,0.2165279,0.18224302,0.20039992,0.2254965,0.26594883,0.20916823,0.25431067,0.3576687,0.01574302,0.12582953,0.08301398,0.031895727,0.15154923,0.14562319,0.37139356,0.0,0.21881431,0.19733465,0.4366108,0.054746144,0.020989168,0.20796795,0.07578699,0.12167154,0.20409639,0.31764516,0.052641034,0.28763905,0.34122857,0.0,0.11959286,0.0,0.0857855,0.22853386,0.11649519,0.15690227,0.15592869,0.16128182,0.2126544,0.16867732,0.45004344,0.02885183,0.23913445,0.20211309,0.226997,0.08304198,0.10895376,0.40520397,0.008165423,0.09787045,0.02930282,0.11742607,0.0973438,0.20041181,0.28752446,0.17555702,0.07584206,0.0,0.17991972,0.1796778,0.05090972,0.13303345,0.26476893,0.16462052,0.25420788,0.2677326,0.4200635,0.29725587,0.3668658,0.19824944,0.19988102,0.22421107,0.14681427,0.121313035,0.13398755,0.088359796,0.46973744,0.38723326,0.27376083,0.26916406,0.1158563,0.07527022,0.09752795,0.13031505,0.040715255,0.28050482,0.0031368732,0.0,0.3727197,0.060926348,0.23301992,0.18246143,0.3143449,0.002627939,0.32877508,0.099494375,0.039125685,0.24014656,0.010950293,0.21476363,0.05252329,0.19312309,0.036833897,0.00081178546,0.21071014,0.15673754,0.05861228,0.29678246,0.32719958,0.13705835,0.20519269,0.056920428,0.23818953,0.34753788,0.30897677,0.07343448,0.046693318,0.08293685,0.1337291,0.20867732,0.3070696,0.07431215,0.07724692,0.2550155,0.049028315,0.33055988,0.18202232,0.23571138,0.2332651,0.080311015,0.20002998,0.19746217,0.3492636,0.15015617,0.29471382,0.23997714,0.19346271,0.3178808,0.3934519,0.27290446,0.17409575,0.15501525,0.20007646,0.12933907,0.30843115,0.13521172,0.2722976,0.33152953,0.113954306,0.26722616,0.13753483,0.18407123,0.41377896,0.13568616,0.0,0.018751163,0.16432355,0.24031968,0.25982,0.0,0.20273852,0.1988644,0.26801974,0.1825331,0.0,0.24957442,0.21107997,0.035203435,0.0,0.0,0.009278288,0.13388795,0.2711545,0.3100741,0.021253515,0.08961264,0.0682957,0.2562851,0.24010414,0.0,0.15938847,0.1732964,0.0,0.05651106,0.0,0.16687654,0.24664177,0.060265847,0.0,0.25388637,0.29794016,0.04531705,0.0019674152,0.28912836,0.05204116,0.22328019,0.0,0.12867472,0.0,0.26661152,0.12252566,0.18304683,0.101029806,0.20908457,0.28155667,0.26910585,0.22374341,0.37728512,0.15638512,0.22568303,0.0,0.20349602,0.099071816,0.011798412,0.02834395,0.14615126,0.15304776,0.36773068,0.3669101,0.20162646,0.34965423,0.09701729,0.39772752,0.10969196,0.13906878,0.2589785,0.20755368,0.0,0.24738607,0.04564303,0.09638274,0.20098802,0.20953105,0.121273614,0.14041676,0.022061827,0.24629448,0.18669836,0.00014052866,0.21829255,0.13745663,0.0,0.22745432,0.2340505,0.044054464,0.2472749,0.39158455,0.24424617,0.3369132,0.03654246,0.11401762,0.23306556,0.1081924,0.041361235,0.0996008
VISpl,0.064325124,0.21375325,0.058341846,0.25568548,0.16341674,0.17115614,0.28324285,0.24846293,0.083790734,0.04478971,0.3647083,0.14109868,0.3177544,0.0,0.0,0.0,0.08294086,0.17170519,0.29450178,0.0,0.08464029,0.28320038,0.22308487,0.2844776,0.1674901,0.29153487,0.03305353,0.07781297,0.12685448,0.122182466,0.21923624,0.017327147,0.22962084,0.3312512,0.17289992,0.2467192,0.1509799,0.4096723,0.15550125,0.19243808,0.01839501,0.11087321,0.0,0.09224722,0.18675634,0.27160496,0.17084578,0.07814743,0.21784276,0.010440485,0.0,0.557349,0.031569995,0.08063237,0.37982556,0.20269722,0.18582053,0.0,0.09899217,0.28902587,0.11570361,0.21498375,0.0,0.16404429,0.2828111,0.010901194,0.26895952,0.05861125,0.1884649,0.33521435,0.0,0.5064113,0.30837852,0.17170802,0.07559897,0.17132594,0.45983908,0.009693947,0.27458993,0.14267291,0.15407254,0.43636447,0.3017975,0.21163276,0.29072696,0.21461186,0.13212463,0.29428703,0.0,0.11838826,0.12773845,0.13285068,0.20431979,0.07807185,0.0,0.11825469,0.08557762,0.19941585,0.0,0.15842418,0.26126218,0.16806208,0.11863691,0.07394753,0.06428033,0.079027556,0.0,0.061299194,0.34115404,0.0,0.28759807,0.19110829,0.07565245,0.54457974,0.40313765,0.4268605,0.026324043,0.16511203,0.051442243,0.17493525,0.24777022,0.23175472,0.004232317,0.18473056,0.29307237,0.059879716,0.0075000674,0.23173773,0.08707039,0.52262217,0.0,0.17779666,0.0,0.008792095,0.26782072,0.3386815,0.2824359,0.1499355,0.19578633,0.0,0.14054501,0.15039554,0.148857,0.30054617,0.20136316,0.028397433,0.0,0.0,0.14003555,0.22618315,0.05130617,0.20726934,0.041392148,0.2785432,0.2384057,0.2771315,0.10438531,0.53963727,0.20343345,0.15101127,0.13802758,0.0,0.0,0.42253724,0.20070419,0.122527,0.32166627,0.012821604,0.0,0.056505963,0.22695024,0.03979044,0.23949797,0.2334748,0.109467305,0.11681843,0.047175154,0.1802471,0.0,0.20310973,0.07861563,0.1892542,0.22838593,0.39786905,0.14525785,0.14632097,0.0062530152,0.0,0.09129402,0.3001513,0.14850067,0.080019794,0.3477249,0.31047904,0.2970692,0.22524737,0.11262573,0.22513466,0.31161246,0.062349536,0.14038432,0.12382023,0.094799146,0.22356874,0.07922905,0.0,0.1895267,0.18437321,0.36278024,0.13721958,0.09137121,0.22820786,0.19844763,0.29544863,0.102320574,0.20842463,0.0,0.41855273,0.2967335,0.14566897,0.19677255,0.1869989,0.1748693,0.33581644,0.21710809,0.0,0.2921289,0.0,0.16071312,0.11083241,0.16613853,0.41050404,0.0,0.086013675,0.070723996,0.06740764,0.0,0.0,0.26084593,0.28168273,0.3545771,0.0,0.32434264,0.21826757,0.34156576,0.4648751,0.10410853,0.2734668,0.3147009,0.32997286,0.05892239,0.1287083,0.5170646,0.021445615,0.25097352,0.09263775,0.0,0.19653863,0.2484377,0.24888626,0.0,0.10070968,0.060337353,0.43874133,0.06914027,0.07693094,0.25564715,0.05474953,0.08915129,0.15905775,0.1805231,0.002515385,0.21851286,0.3618317,0.0882434,0.06469106,0.06363701,0.19894564,0.25314546,0.18529758,0.17947282,0.123219475,0.0,0.1243193,0.39386302,0.41298375,0.10952859,0.08884929,0.5247319,0.20908411,0.062056262,0.251107,0.28931725,0.14714824,0.23569004,0.0,0.0442618,0.0,0.45318606,0.33358014,0.21685883,0.0,0.0,0.09563569,0.14322826,0.05778932,0.009280713,0.07385834,0.33867598,0.3090054,0.28627002,0.5542654,0.2009921,0.17339347,0.28582555,0.20056048,0.25933203,0.041671883,0.0,0.28228435,0.21367343,0.4448819,0.42691565,0.30891505,0.3094547,0.15036032,0.110002846,0.033917513,0.0,0.009467423,0.43293,0.21855837,0.02110527,0.43107775,0.03850442,0.24305949,0.3276806,0.24288674,0.07457569,0.15629302,0.052664813,0.09471089,0.23839085,0.0633627,0.48854554,0.17465347,0.22886077,0.0,0.0,0.0,0.15871921,0.04235913,0.440763,0.6144741,0.31528455,0.32836583,0.039076913,0.34345698,0.29929137,0.25573212,0.037476275,0.22814116,0.09549867,0.06932122,0.3522073,0.33523166,0.15433495,0.058436982,0.42148957,0.2747241,0.15103376,0.079075456,0.17102207,0.24450022,0.15332918,0.3455633,0.20801553,0.53657335,0.30258048,0.27631593,0.35967126,0.16441704,0.16892114,0.30468735,0.3335177,0.0030159876,0.04997399,0.2074379,0.15285894,0.21699978,0.11735807,0.17985107,0.28561834,0.11811065,0.43081036,0.16839913,0.053979665,0.46428782,0.28154582,0.04547706,0.055439338,0.0,0.29782867,0.16865732,0.0,0.2496964,0.0,0.20743883,0.040992785,0.0,0.18405057,0.063477434,0.0,0.0,0.041448805,0.080719665,0.19144583,0.22376618,0.21289589,0.08977388,0.17042355,0.0039058141,0.16881064,0.10592956,0.0,0.09490015,0.086939946,0.0,0.15874001,0.0,0.17797549,0.1068502,0.0,0.0,0.27970752,0.4270685,0.0,0.0,0.48301023,0.0,0.16126737,0.0,0.1822437,0.074631006,0.21393208,0.0,0.30444264,0.07105218,0.0040300786,0.31641322,0.20921825,0.3151702,0.44063753,0.06908036,0.13902171,0.0,0.28301707,0.081110075,0.0021040067,0.0305368,0.3054748,0.07021257,0.61413187,0.642316,0.101487175,0.2883021,0.048461456,0.45803443,0.0,0.30413595,0.28549296,0.30693614,0.027863914,0.26540306,0.05497864,0.03152965,0.1979416,0.23896542,0.19771186,0.099247605,0.060794428,0.20795138,0.16029397,0.11023065,0.22058521,0.037464272,0.0,0.35936972,0.3920484,0.05855362,0.28587297,0.09400063,0.14951399,0.46165392,0.0,0.13364784,0.09145423,0.1111414,0.08151738,0.052220814
VISpm,0.13079861,0.42889854,0.2676461,0.23985834,0.21254107,0.21987882,0.36157697,0.015545424,0.1750204,0.14670469,0.18408489,0.31163603,0.30387387,0.21821089,0.029754097,0.0,0.0,0.44134814,0.3957017,0.26962215,0.14333814,0.12861502,0.3074797,0.2942402,0.23919661,0.4380469,0.16760632,0.1845425,0.23286018,0.1521932,0.32650587,0.19352295,0.22806114,0.55827385,0.3966791,0.59076965,0.12767951,0.6365415,0.23969889,0.3792641,0.0,0.32829386,0.0,0.29038712,0.17996398,0.33884782,0.15590857,0.16751981,0.37620258,0.0998934,0.085552305,0.6569941,0.23887286,0.33875626,0.6264662,0.3883768,0.14001346,0.0,0.4292886,0.46881345,0.25425634,0.11897142,0.0832256,0.19078812,0.17646095,0.21385981,0.3163336,0.2565369,0.26079985,0.3679688,0.0,0.69543636,0.30664027,0.24176176,0.0,0.20698011,0.5867751,0.13669588,0.20570584,0.32522798,0.4474255,0.6318241,0.24817425,0.24122724,0.6655908,0.38149098,0.23235154,0.49584347,0.0,0.14634456,0.2366466,0.31841373,0.38554668,0.4513924,0.0,0.21061926,0.23610705,0.15645507,0.23824312,0.21116775,0.2893724,0.1849897,0.33883002,0.0,0.0,0.0,0.033295378,0.04672884,0.13223585,0.040133394,0.41975152,0.06741658,0.0,0.44682276,0.71944547,0.4692394,0.018995287,0.43562284,0.08793232,0.1451501,0.078806914,0.40144724,0.41405517,0.46475783,0.265364,0.0,0.0,0.2826037,0.17953897,0.6006367,0.18106894,0.20487633,0.0,0.1689961,0.32949084,0.5963382,0.44576612,0.2529122,0.4100953,0.0,0.22507577,0.14578001,0.32848376,0.5405348,0.2943514,0.06791231,0.017117769,0.0,0.24229373,0.30851364,0.23667163,0.32451966,0.01157628,0.52180564,0.4118145,0.33900082,0.15855308,0.6922039,0.0,0.20672229,0.17189276,0.12495918,0.0992445,0.41777068,0.4035578,0.08858472,0.3461237,0.09946754,0.0,0.16738968,0.29687363,0.09037392,0.31259865,0.41380233,0.0,0.0525072,0.5130034,0.118068025,0.077471346,0.23259287,0.09667389,0.2708597,0.38645428,0.6529536,0.21074675,0.29203734,0.0,0.0,0.0,0.359692,0.318685,0.19524004,0.41478777,0.4419853,0.6221872,0.21798398,0.28323317,0.29384017,0.33876893,0.11375391,0.34653932,0.05846173,0.20708854,0.3307496,0.120725386,0.0,0.2897166,0.437725,0.7042419,0.1387909,0.2510095,0.17663214,0.16349472,0.2732295,0.21136221,0.19538763,0.16341338,0.41323668,0.20392278,0.0,0.34059232,0.17079279,0.0825648,0.6773202,0.33549324,0.07910611,0.29642013,0.0,0.11602706,0.26901218,0.32315114,0.9038359,0.069798835,0.07236181,0.038927075,0.07342731,0.121549845,0.048345253,0.33737788,0.36640683,0.34772024,0.0,0.30944675,0.27012095,0.82509154,0.6079627,0.20380455,0.3566855,0.48250583,0.39913523,0.32768103,0.12840542,0.61135834,0.0,0.37338528,0.1885044,0.024536682,0.11187309,0.1207107,0.6592798,0.0,0.0,0.43408492,0.32000342,0.03646157,0.3225902,0.55188835,0.0,0.2318514,0.7249776,0.28392822,0.032504663,0.31595907,0.33830538,0.0,0.13547787,0.1160645,0.0,0.39213377,0.34977025,0.21456544,0.16540822,0.10329753,0.096451744,0.3388825,0.6664834,0.24240136,0.330944,0.43105665,0.057611167,0.15328749,0.40193373,0.34552598,0.064534016,0.40055263,0.0071008354,0.1871803,0.12831682,0.532157,0.34324732,0.31771973,0.1454103,0.0,0.25798342,0.115976006,0.0141898105,0.17781314,0.23522522,0.537746,0.2822934,0.38406584,0.67818224,0.35449547,0.12525082,0.6998401,0.3667071,0.48255485,0.05908183,0.11038588,0.30635533,0.08597899,0.45107305,0.61373353,0.43599176,0.3092508,0.29616174,0.2716684,0.049323406,0.0,0.19871189,0.57536554,0.23768854,0.0,0.54922014,0.0,0.2792003,0.35676813,0.33288753,0.20959158,0.46829423,0.0,0.14803727,0.29727456,0.102862224,0.46034765,0.24424455,0.41053906,0.12648185,0.14874846,0.048187524,0.32816654,0.060422376,0.49853384,0.47075784,0.54415107,0.35134384,0.2084207,0.11713265,0.61710715,0.5892101,0.095906764,0.22417836,0.22159228,0.02090574,0.52860117,0.6423826,0.12070599,0.14647633,0.69701374,0.35747105,0.4496051,0.11819554,0.14132175,0.36398563,0.2791501,0.28896746,0.25268877,0.63377625,0.49857962,0.16185197,0.55883795,0.1997291,0.269224,0.6320445,0.22655565,0.22307307,0.0,0.26631674,0.28853017,0.1459195,0.439153,0.10933761,0.3579401,0.25119632,0.54315794,0.19721432,0.12704436,0.55558217,0.25576034,0.0,0.17256077,0.0,0.29657972,0.41812494,0.0,0.17118731,0.06345332,0.26982486,0.15292048,0.09946321,0.144063,0.07135831,0.043292455,0.0,0.0970377,0.0,0.1579666,0.27336493,0.24380794,0.01961891,0.15739314,0.0,0.14878641,0.2392722,0.0,0.12463768,0.050734982,0.0,0.10824941,0.0,0.15678577,0.37376952,0.031872652,0.0,0.47575614,0.4880539,0.0,0.08363176,0.5810676,0.12031241,0.12560707,0.0,0.35622174,0.19204286,0.14080735,0.049738765,0.18148448,0.009430341,0.07108524,0.089647174,0.47765538,0.4764184,0.6410499,0.16999966,0.4601471,0.0,0.37202474,0.33594763,0.12757729,0.12760133,0.3378417,0.06734176,0.7628146,0.9096943,0.23815499,0.40067038,0.19304493,0.72240084,0.09042879,0.34431762,0.46930265,0.3011909,0.19354656,0.2973889,0.04595688,0.23680608,0.20499016,0.37430912,0.32364425,0.24987715,0.045833148,0.25252065,0.043525577,0.19563268,0.3281443,0.12553772,0.0,0.34737656,0.32119203,0.38059163,0.06224601,0.012590676,0.59201235,0.51886195,0.07818052,0.26169413,0.24854146,0.23436199,0.06333797,0.1502125
AId,0.20889941,0.08678831,0.22849071,0.2013635,0.12532905,0.14181772,0.40593502,0.0,0.030797824,0.29985225,0.37276453,0.34983784,0.2913171,0.12378701,0.449302,0.41483146,0.0,0.016354468,0.588899,0.0,0.419327,0.0,0.19442442,0.23959462,0.3784549,0.3620194,0.031676304,0.34789875,0.46194366,0.09676238,0.41145563,0.09393814,0.4564522,0.4119315,0.28627527,0.927846,0.13727196,0.18852973,0.62156016,0.17167433,0.1933982,0.43017018,0.0,0.36294255,0.4696252,0.3629812,0.5656371,0.2934854,0.0,0.45985094,0.0,0.0,0.25966132,0.046419386,0.0,0.40531483,0.16359848,0.24930467,0.029618632,0.37384084,0.4465134,0.0,0.5090175,0.34771785,0.26956594,0.0,0.0,0.0,0.065692425,0.14032334,0.26074296,0.36014265,0.09962252,0.16977668,0.28771013,0.42959306,0.55291855,0.010667637,0.24956253,0.20541506,0.5222406,0.24181288,0.16342267,0.26770255,0.43610165,0.021052117,0.0,0.09188792,0.0,0.39833465,0.0,0.19304411,0.007864907,0.68099385,0.0,0.3026216,0.004535105,0.23194277,0.28056908,0.49143326,0.37854254,0.28433204,0.6088915,0.33685094,0.007196659,0.120082594,0.5643549,0.4753632,0.46971983,0.27743787,0.3678084,0.0,0.0,0.10645327,0.49422356,0.63310915,0.18962732,0.2577715,0.055450205,0.21859914,0.21930152,0.42199197,0.1724901,0.4849429,0.34438363,0.4530319,0.53600335,0.2477866,0.44194105,0.28410602,0.3116563,0.13222171,0.49277505,0.22466321,0.082994014,0.33562386,0.43234295,0.0,0.5562112,0.23803705,0.0,0.113598846,0.5597583,0.0,0.33315846,0.011967968,0.33792177,0.30591044,0.14082639,0.21236773,0.36998752,0.08298999,0.1653796,0.012016032,0.16997406,0.28993618,0.30350703,0.3136767,0.56370145,0.25049347,0.28528127,0.36160702,0.11457821,0.23876816,0.38686135,0.51061046,0.3228589,0.6030494,0.0,0.34396148,0.15231238,0.35190788,0.19741093,0.23735724,0.20008348,0.16607979,0.20355335,0.36848193,0.4902768,0.43882614,0.3534844,0.14804494,0.08713393,0.4839907,0.3433985,0.63865626,0.48652327,0.0,0.27280548,0.6462405,0.109801434,0.15098763,0.10504882,0.16427213,0.37518916,0.37984562,0.45015803,0.18409997,0.3196752,0.03543082,0.3714399,0.4799477,0.2938336,0.057564117,0.05207768,0.49185076,0.22220948,0.5593593,0.0,0.47890574,0.41632557,0.12129082,0.15225673,0.18889843,0.03502789,0.21780016,0.0,0.25625426,0.0,0.43263894,0.49441433,0.0,0.0,0.21262403,0.22267136,0.30726418,0.21749602,0.07596757,0.0,0.16964902,0.0,0.5433098,0.6524002,0.21865366,0.65580726,0.17608373,0.4427379,0.7581704,0.032288972,0.03487359,0.43875065,0.0,0.26550454,0.26315692,0.34942922,0.47019798,0.45175344,0.14316206,0.44134772,0.25632316,0.51186496,0.48704538,0.2079114,0.25458127,0.104956865,0.03745937,0.23610635,0.0698314,0.24662918,0.48678488,0.0,0.47660667,0.08110529,0.36732373,0.22722228,0.0,0.091643326,0.27678946,0.14696433,0.233511,0.60836846,0.3262562,0.2493217,0.47761178,0.0,0.47143745,0.0,0.31552246,0.35342956,0.19277382,0.14507301,0.22890721,0.20657626,0.2776638,0.0,0.93535745,0.44507933,0.15968229,0.0,0.38451666,0.06257349,0.18148856,0.30662763,0.01799563,0.2822535,0.09741475,0.5982213,0.41903484,0.13500795,0.10485164,0.45539486,0.19558147,0.0,0.22102365,0.0,0.31323078,0.47510684,0.36741117,0.0,0.27091348,0.1446385,0.0,0.28724843,0.6116944,0.30607337,0.4519044,0.43181053,0.22961733,0.4455246,0.3929557,0.0,0.59288234,0.4178502,0.0,0.13895029,0.3972496,0.1867861,0.5043466,0.31981066,0.2343543,0.15325329,0.0,0.19643152,0.21063566,0.39618427,0.5755935,0.17221136,0.23680331,0.094389744,0.36154267,0.38722953,0.08046016,0.4641896,0.1354603,0.42588192,0.23780823,0.0,0.4493278,0.26662016,0.5924865,0.11230619,0.26812768,0.0,0.1936196,0.33695298,0.26921648,0.3790235,0.10929966,0.07197896,0.27208912,0.38504857,0.0,0.6251465,0.6574911,0.15996014,0.3532452,0.36723512,0.35834992,0.19633788,0.051330034,0.81423897,0.038101025,0.61153346,0.3130466,0.39607906,0.12085049,0.5264503,0.8702963,0.27239516,0.53783876,0.31650117,0.2745225,0.4864837,0.3611023,0.06452835,0.42833054,0.57568413,0.55005765,0.443462,0.5039124,0.1816406,0.5396861,0.34049568,0.23785226,0.13339798,0.0,0.17856754,0.41624057,0.19827913,0.22196266,0.0,0.40183052,0.074586414,0.63627845,0.0,0.20623784,0.43216467,0.09826425,0.36507004,0.0,0.311939,0.38703808,0.0,0.0,0.019559752,0.22175369,0.11875881,0.63951,0.37515646,0.033215877,0.07784913,0.106131524,0.0,0.5282847,0.0,0.20576885,0.39169526,0.0,0.0,0.0,0.38395578,0.36809692,0.14119062,0.0,0.2745794,0.054653082,0.0,0.0,0.4268747,0.025946189,0.4256144,0.12746952,0.31583205,0.0,0.32689404,0.44358444,0.062809326,0.0,0.39530188,0.5275673,0.38619024,0.24943642,0.37413818,0.12975523,0.2541005,0.0,0.23424917,0.23075357,0.31340277,0.18246305,0.19106297,0.112347305,0.20737924,0.0885497,0.5283304,0.5614442,0.5942711,0.15785559,0.6384919,0.0,0.028824039,0.26050928,0.057001516,0.22167853,0.12968439,0.16562814,0.0,0.25578445,0.109257385,0.0,0.09587612,0.4032661,0.17841013,0.013641721,0.12890173,0.04487263,0.111383826,0.05524622,0.27765578,0.14163718,0.32499883,0.7652286,0.2336431,0.2503837,0.41699576,0.46642286,0.02311342,0.14741175,0.19531791,0.3366332
AIp,0.2567725,0.19516122,0.256531,0.3005883,0.04730455,0.09088314,0.41207424,0.09731959,0.0,0.56558657,0.45106143,0.36907575,0.27929834,0.09080096,0.5194345,0.39869928,0.0,0.14113393,0.5376398,0.0,0.29812685,0.015394352,0.3619944,0.20385931,0.4877629,0.41087914,0.027037662,0.3370285,0.5892767,0.0,0.43577507,0.118874684,0.8001373,0.32973096,0.28507847,1.0241592,0.17379428,0.1827574,0.8729176,0.28097373,0.22667049,0.94345886,0.0,0.485455,0.721673,0.33733857,0.4798564,0.11754871,0.19051445,0.26530144,0.0,0.26526186,0.4515238,0.0,0.18461257,0.52042186,0.21808492,0.16241704,0.22495496,0.38073027,0.36736608,0.10467033,0.5943917,0.14956184,0.31060028,0.0,0.0,0.20059836,0.0,0.1464091,0.31888452,0.654362,0.043655034,0.2716996,0.3891979,0.41185427,0.41944057,0.0,0.35018834,0.25399157,0.6845371,0.39108986,0.24673456,0.15939933,0.7108555,0.0,0.24952923,0.26111653,0.0,0.36931956,0.0,0.21340369,0.20683503,0.8443902,0.0,0.45548022,0.33885854,0.124149725,0.21068358,0.85720015,0.58052355,0.39668906,0.5273827,0.5212641,0.0,0.23070738,0.6228276,0.5140042,0.52110606,0.26068592,0.6238214,0.0,0.0,0.32204208,0.5756498,0.56196874,0.046507806,0.25569123,0.0,0.21014231,0.3562252,0.62927985,0.19720766,0.6495374,0.18450168,0.33916852,0.4753133,0.4897826,0.6440824,0.17239508,0.38499618,0.19968563,0.49979782,0.29893798,0.1857378,0.57707536,0.39065233,0.0,0.79776824,0.21735628,0.0,0.17710812,0.80503744,0.19488253,0.27015167,0.0,0.30554652,0.4511626,0.38781413,0.24277717,0.38030776,0.0,0.16656536,0.047001425,0.4101467,0.56242645,0.32277906,0.45464867,0.519395,0.24578789,0.5823972,0.30148697,0.1153303,0.5229496,0.37773,0.34208307,0.3971693,0.8254626,0.0,0.28231385,0.45536077,0.44504663,0.11999108,0.44878787,0.079874285,0.18314673,0.16168523,0.27914324,0.6085113,0.5972967,0.31606665,0.10015558,0.08167033,0.77610797,0.67337114,0.43321058,0.41426724,0.0,0.25195998,0.93136305,0.042473655,0.2977414,0.15042272,0.4497757,0.3401447,0.35748374,0.5094937,0.3183106,0.32981712,0.07992672,0.28616396,0.52582127,0.28845915,0.0,0.2234076,0.5474978,0.28421032,0.82893944,0.17160417,0.72265786,0.32781982,0.17755215,0.53778327,0.15242136,0.07953221,0.20973697,0.0,0.4316925,0.0,0.2773853,0.58179057,0.0,0.0,0.18991622,0.14977218,0.13594986,0.27053317,0.0,0.0,0.20745367,0.0,0.6754814,0.8323645,0.28413355,0.61169684,0.35110307,0.49955007,0.99459743,0.0,0.34818426,0.4671695,0.0,0.38858202,0.341305,0.45540813,0.49465573,0.7951161,0.053341825,0.44905883,0.19757895,0.7954493,0.52752686,0.5206659,0.3861261,0.0,0.18746853,0.10684265,0.045929596,0.2758927,0.59210974,0.0,0.47969127,0.04049928,0.4659231,0.1679702,0.0,0.19932283,0.374169,0.2603336,0.055233862,0.71717936,0.4768498,0.14812218,0.5180259,0.0,0.6746681,0.0,0.16356188,0.5617772,0.26748216,0.26249474,0.12728198,0.27722538,0.38007346,0.021034531,1.0306079,0.5621198,0.14055148,0.0,0.2862268,0.048861317,0.35967478,0.65311646,0.13466094,0.34266132,0.18416141,0.44348234,0.29183182,0.2416483,0.006087928,0.74923766,0.2979917,0.0,0.42344886,0.0,0.25277513,0.6518194,0.713571,0.0,0.21190347,0.20599204,0.014895968,0.5958857,0.98102504,0.33572882,0.61101747,0.582363,0.17963591,0.3357742,0.23290126,0.13281453,0.8020819,0.5733328,0.05549337,0.029305175,0.47561952,0.23434238,0.54672956,0.28687173,0.30780545,0.24408698,0.0,0.2850659,0.43014714,0.5594309,0.76989526,0.16877191,0.36301386,0.13218069,0.73867875,0.31041145,0.08983064,0.6329153,0.19395734,0.6222884,0.23577547,0.11174691,0.2359532,0.3056966,0.7196969,0.09864606,0.1787701,0.056211717,0.11578418,0.27662173,0.18746437,0.086393446,0.18058927,0.005695058,0.57896596,0.214647,0.0,0.6367423,0.51842165,0.15337452,0.41190976,0.49489722,0.29543474,0.2063604,0.21518013,1.1503924,0.0,0.52501696,0.40777358,0.22689453,0.14703526,0.7263028,0.8941152,0.5416846,0.4999857,0.77414846,0.36302814,0.61718637,0.62942564,0.11363608,0.67290807,0.8516833,0.56188637,0.4500754,0.46400732,0.4544555,0.58329135,0.7046643,0.2712267,0.22682294,0.026623026,0.14336371,0.6330259,0.20113774,0.12496142,0.0,0.42672268,0.25207135,0.9460723,0.0,0.33115485,0.63463557,0.045364946,0.45402807,0.0,0.33837667,0.6660781,0.0,0.0,0.052702542,0.24706693,0.23663586,0.83790886,0.45443118,0.0,0.03552837,0.38948646,0.0,0.56232893,0.0,0.3754367,0.44628602,0.0,0.03759283,0.0,0.52787286,0.6946253,0.30522445,0.0,0.31927034,0.052190505,0.035849325,0.06781993,0.3062094,0.2619286,0.44216114,0.0,0.34396312,0.0,0.41096216,0.26877576,0.26262024,0.092666626,0.3810529,0.78626764,0.637177,0.42075303,0.66071033,0.19027698,0.22156236,0.0,0.53758454,0.27966633,0.24133404,0.40488818,0.21326451,0.0,0.398789,0.38641274,0.5738177,0.88511956,0.7488567,0.2242683,0.5294668,0.0,0.06887011,0.32978785,0.059753887,0.39059442,0.0,0.3362783,0.13941348,0.36879653,0.042283624,0.0,0.13921821,0.37797984,0.15205696,0.11804294,0.4283932,0.05974119,0.027073067,0.10167009,0.19492327,0.22497536,0.38859925,0.9927437,0.54781556,0.24602003,0.3837036,0.76322633,0.12316734,0.06386925,0.13179627,0.29931504
AIv,0.3050847,0.24883792,0.288751,0.13448493,0.19309868,0.0,0.3829688,0.0,0.0,0.33141735,0.38634998,0.41488877,0.18251869,0.10415558,0.3783635,0.34632248,0.0,0.09491871,0.6474028,0.0,0.35650623,0.0,0.051275562,0.2792866,0.48350468,0.32953802,0.15882139,0.32361376,0.64000857,0.06566859,0.53181815,0.22890347,0.5930345,0.50406265,0.5559882,0.9553761,0.2836784,0.33691525,0.7379014,0.35906696,0.16528107,0.7089551,0.0,0.47820976,0.39438227,0.47542685,0.40743604,0.40989494,0.1418158,0.23926571,0.0,0.33317974,0.40091267,0.13185194,0.25700244,0.5581775,0.0943667,0.21936302,0.2293902,0.4849991,0.4774177,0.04936708,0.37263653,0.35335144,0.23129338,0.0,0.0,0.10164604,0.2510572,0.19506556,0.15896131,0.46501487,0.10945107,0.098330334,0.21437648,0.3552311,0.51759577,0.0,0.36393565,0.1857078,0.78368664,0.34539175,0.08476636,0.17082602,0.55745435,0.04066644,0.12864858,0.033148862,0.0,0.2847372,0.0,0.16436331,0.13566636,0.8046408,0.0,0.42340183,0.11652084,0.17008877,0.13240717,0.56304765,0.2807634,0.27309984,0.530316,0.39680618,0.0,0.009043029,0.60406464,0.2327439,0.60957396,0.2360418,0.4805382,0.0,0.0,0.25665185,0.6316678,0.48599946,0.21274802,0.33884645,0.049267404,0.17566815,0.26599947,0.50819373,0.35863718,0.63971794,0.46343836,0.57343197,0.45211422,0.25262234,0.5046513,0.219165,0.41849348,0.17642717,0.55984324,0.26229483,0.18427624,0.5169271,0.38527203,0.0,0.52321565,0.10355431,0.0,0.113686115,0.6020585,0.025998212,0.27858022,0.0,0.24987161,0.19560315,0.19106099,0.34942478,0.19850808,0.20550594,0.22668879,0.102615535,0.47867697,0.4458383,0.33112404,0.33756065,0.51611495,0.36915576,0.292413,0.2780671,0.33109814,0.4354187,0.21070553,0.40261316,0.20033605,0.6045099,0.0,0.3633651,0.31283173,0.31391189,0.17011759,0.23229252,0.09484859,0.0,0.059295475,0.17754559,0.68287396,0.5340746,0.53411704,0.07858123,0.22137517,0.7014232,0.48262903,0.53121245,0.33399904,0.0,0.2978303,0.7902075,0.0,0.33892742,0.23318283,0.450037,0.4502168,0.50428265,0.3601321,0.24471961,0.30057472,0.23327202,0.61828804,0.37151688,0.41356814,0.03711675,0.0,0.4729244,0.28421813,0.5752604,0.15675971,0.5434997,0.36218342,0.12664321,0.37841943,0.011321172,0.19930728,0.33553016,0.0,0.35110387,0.0,0.35899943,0.5973407,0.0,0.0,0.09518778,0.19270457,0.2002404,0.23980935,0.0,0.0,0.21635236,0.0,0.65419596,0.5359253,0.0066194646,0.6780759,0.2704714,0.4662542,0.85774195,0.06013575,0.05084248,0.28049043,0.04979043,0.36519256,0.21907188,0.48288026,0.42199504,0.5559379,0.07826196,0.51138574,0.33311117,0.64959615,0.33494925,0.5250293,0.18266357,0.098686635,0.0031417422,0.2818776,0.095092416,0.20227903,0.7683946,0.0,0.30779365,0.122354954,0.32144904,0.09032169,0.05486688,0.19522797,0.29789656,0.06819385,0.33313343,0.6302398,0.54392505,0.17407474,0.44586244,0.0,0.54814,0.0,0.16102895,0.5119666,0.24203992,0.034404613,0.20517288,0.20766082,0.1970132,0.077861115,0.89117616,0.4332605,0.18533808,0.0,0.35641637,0.029874995,0.3005812,0.46654475,0.101155885,0.43354744,0.05525711,0.4631455,0.32955638,0.2993185,0.0,0.57019913,0.3499254,0.0,0.31501576,0.0,0.24714689,0.49755886,0.44718024,0.021856595,0.3233963,0.12588981,0.15932032,0.42376179,0.5857959,0.6584313,0.5951567,0.66328716,0.29918602,0.38738054,0.35452247,0.09376823,0.814067,0.52826345,0.12114461,0.17283276,0.4917747,0.37009457,0.33133435,0.23005407,0.17373468,0.42264777,0.0,0.26420754,0.41068244,0.5968959,0.75616616,0.11946568,0.21080862,0.03480462,0.52311,0.26617953,0.036484715,0.49069685,0.08256862,0.5709496,0.20457321,0.19755784,0.47727793,0.41258729,0.41627428,0.28147095,0.186409,0.23185167,0.24653094,0.51026344,0.31393936,0.2448284,0.0816468,0.107001856,0.4856454,0.28812033,0.018584738,0.81735456,0.41168374,0.24834186,0.6080996,0.47156173,0.2851497,0.3038353,0.2368293,0.9196373,0.0,0.45098493,0.37390158,0.39290228,0.032318097,0.5924769,0.8208752,0.4853751,0.5221558,0.58925164,0.36959258,0.51401234,0.6833806,0.18898793,0.7971079,0.6661115,0.3783289,0.5896722,0.2912925,0.3209972,0.52432346,0.39470693,0.1992503,0.25383916,0.0,0.06109215,0.6029322,0.18179832,0.0,0.0,0.47136566,0.25009885,0.84549373,0.0,0.15279502,0.396197,0.0,0.21963373,0.0,0.22381829,0.38786012,0.0,0.0,0.08510922,0.21047606,0.23444495,0.63553643,0.3337795,0.0,0.063984476,0.15538235,0.0,0.6755699,0.0,0.08252233,0.523215,0.0,0.0,0.0,0.3565141,0.6082846,0.06540345,0.0,0.42963934,0.14001699,0.0,0.0,0.3999228,0.085554436,0.3173368,0.10321027,0.49922425,0.0,0.3085832,0.32155463,0.0,0.0,0.40825093,0.32641533,0.48717642,0.55979407,0.6741594,0.106494054,0.5007195,0.0,0.35410938,0.2705596,0.24277647,0.3150331,0.26167715,0.051465664,0.33875364,0.38686317,0.52978975,0.5907504,0.74641037,0.2220325,0.41610944,0.0,0.20957395,0.26881033,0.0,0.2909861,0.0,0.2713622,0.0115053505,0.34772572,0.034280457,0.04269487,0.089725934,0.42501137,0.034203056,0.0,0.3180814,0.01187199,0.004630726,0.17002247,0.25823852,0.19026607,0.34960786,0.5679494,0.42007208,0.28602546,0.24404812,0.70727533,0.18334033,0.16721155,0.23458622,0.17175665
TEa,0.07947312,0.292055,0.04552395,0.14344151,0.06340948,0.09979791,0.049998105,0.22056817,0.0,0.20318267,0.312603,0.12910837,0.17594899,0.0,0.16811842,0.05582237,0.0,0.0,0.28284603,0.0,0.0,0.2410079,0.06088832,0.24653672,0.4096581,0.14093769,0.07548079,0.13706625,0.44716558,0.0,0.4871062,0.0,0.6473462,0.3102245,0.2115236,0.41704044,0.0,0.3367656,0.52371585,0.23899367,0.11369708,0.60299027,0.0,0.5137852,0.45995155,0.22352488,0.2750382,0.01506062,0.41988707,0.0,0.0,0.39702162,0.28273427,0.0,0.33594707,0.5559774,0.0,0.03998486,0.03819338,0.118976556,0.26786223,0.12191895,0.20571983,0.2111068,0.060863085,0.0,0.056028813,0.14387056,0.14221524,0.13129368,0.18809208,0.6408738,0.032114286,0.23133934,0.18274899,0.38808727,0.2682139,0.010908209,0.24917354,0.108959414,0.66647476,0.57497895,0.1841481,0.17956609,0.39777923,0.0,0.398215,0.27603984,0.0,0.42911327,0.0,0.08350347,0.1740422,0.23073559,0.0,0.4520958,0.25079897,0.11174931,0.0,0.42630988,0.28265092,0.16725643,0.21687376,0.31387445,0.0,0.24126774,0.39736682,0.1972164,0.5810843,0.077028245,0.58702403,0.027643364,0.0,0.45314017,0.2558167,0.2316985,0.02879806,0.052169137,0.0,0.23754808,0.22122718,0.57203484,0.0021535158,0.32517773,0.15985295,0.13565876,0.30905753,0.3595342,0.33554104,0.05293831,0.19441871,0.14181165,0.30902368,0.21100123,0.36836064,0.55485785,0.09117939,0.0,0.46982276,0.0,0.023564342,0.11133862,0.34149355,0.11442749,0.15988643,0.0,0.12304784,0.09155565,0.45565635,0.2672835,0.110281914,0.2726091,0.016806923,0.0,0.46861142,0.5100509,0.39592934,0.17371844,0.4645772,0.15867534,0.43028963,0.06726261,0.0,0.52187395,0.033278458,0.2593783,0.33589604,0.35429242,0.0,0.13265602,0.34326905,0.38204822,0.03915463,0.4093675,0.13759688,0.0,0.0,0.07792919,0.25572744,0.32519504,0.44471666,0.12554054,0.22094455,0.648681,0.43378362,0.2359691,0.2855881,0.0,0.1926273,0.71968305,0.0,0.3910697,0.25873438,0.57528716,0.09867895,0.16120328,0.30765817,0.17295547,0.3143953,0.12533897,0.25583616,0.24338299,0.20268491,0.0,0.0,0.31496492,0.35640907,0.36584625,0.3134692,0.4485737,0.18258937,0.30263847,0.5561533,0.19555248,0.0700986,0.34221274,0.0,0.5204427,0.0,0.21779452,0.593394,0.032629367,0.0,0.012406711,0.102387965,0.10587585,0.30071524,0.0,0.0,0.19177766,0.0,0.316916,0.2975732,0.068106666,0.40825024,0.20811515,0.19992793,0.7777525,0.0,0.17114158,0.28227696,0.0,0.3128086,0.33993825,0.110814296,0.17435122,0.45150167,0.060496677,0.22093016,0.3768084,0.55931675,0.34948596,0.56955165,0.22151007,0.0,0.05533335,0.0,0.10698514,0.32682753,0.5497198,0.0,0.36806515,0.008777745,0.5303577,0.07746419,0.0,0.13622934,0.18147981,0.01355375,0.0,0.57853466,0.332126,0.29027286,0.41702655,0.0,0.37506264,0.0,0.19227734,0.49675596,0.05050433,0.0,0.0,0.04790595,0.32522738,0.25056356,0.5861906,0.26008,0.1756543,0.032909665,0.30014506,0.08543764,0.27070075,0.6050791,0.25116175,0.30956656,0.19207045,0.060552895,0.25823265,0.19216333,0.078875236,0.35888276,0.11368779,0.0,0.41736588,0.14705862,0.17361811,0.3199344,0.36286741,0.0,0.29827425,0.021112671,0.13486347,0.4830981,0.6909326,0.3452938,0.3998847,0.41737342,0.23604727,0.17843483,0.0,0.2170453,0.85409176,0.6998616,0.2407063,0.3197844,0.3161615,0.30282807,0.102718115,0.0053330986,0.017354496,0.28764394,0.0,0.09874083,0.4586683,0.45880285,0.7032594,0.076286465,0.19682075,0.0,0.65309095,0.18763112,0.02035369,0.56383514,0.0,0.5513537,0.059758242,0.30068046,0.0,0.007639751,0.26925847,0.1378136,0.06932511,0.3387158,0.38042384,0.14250873,0.25681558,0.0,0.31094694,0.15200332,0.4996304,0.13468239,0.0,0.45569235,0.05359427,0.032718536,0.4402981,0.3248585,0.15793781,0.28611213,0.079269156,0.7110035,0.0,0.28289545,0.32592908,0.0,0.07097674,0.311764,0.53693944,0.2047392,0.51301974,0.3408967,0.31833437,0.6864701,0.6933636,0.4782738,0.44832784,0.40871334,0.40896782,0.39287966,0.25049058,0.26659882,0.51074517,0.5781379,0.00032350747,0.113255605,0.056992337,0.10026992,0.7815645,0.096208125,0.0,0.0,0.18169037,0.29282013,0.64761233,0.0,0.2612508,0.36417392,0.16689536,0.21590228,0.0,0.36269635,0.38534087,0.0,0.0,0.0,0.06942391,0.2653259,0.5910682,0.46846467,0.041206967,0.077355795,0.15325147,0.020117622,0.53530324,0.0,0.08463672,0.4391681,0.0,0.09356561,0.0,0.20676383,0.55780786,0.035379954,0.0,0.27543133,0.21719602,0.015147811,0.0,0.08027155,0.30958894,0.24406779,0.07588884,0.27967286,0.0,0.4769956,0.06636975,0.13224652,0.0557872,0.40791306,0.46019045,0.4187684,0.5069537,0.62525374,0.14271475,0.24398156,0.0,0.15039484,0.21216235,0.0,0.109913915,0.17121042,0.0,0.35179555,0.46745574,0.21409701,0.54068357,0.4640181,0.3208361,0.0,0.0,0.11251851,0.17045519,0.0,0.47327098,0.0,0.13709186,0.13545844,0.25912562,0.04635497,0.001498885,0.17779374,0.18380551,0.0871417,0.06493987,0.4167998,0.038516346,0.0,0.17828532,0.08945133,0.0,0.40588552,0.70889497,0.113709435,0.40748605,0.05544144,0.509404,0.19980058,0.022275627,0.0,0.077073894
PERI,0.094730794,0.3472731,0.10333674,0.2525787,0.14802782,0.03780601,0.16673493,0.215643,0.0,0.30791166,0.3054039,0.22797333,0.13204028,0.0,0.30390495,0.14890772,0.0,0.0015127966,0.24774185,0.0,0.09856974,0.19745648,0.11927078,0.18322694,0.39672765,0.16987246,0.11608586,0.21275762,0.6401599,0.0,0.5774941,0.13322714,0.74599427,0.3107973,0.20653069,0.48804536,0.09585891,0.3017756,0.6202779,0.33576918,0.13552453,0.6567981,0.0,0.60043514,0.52451116,0.21168478,0.31328875,0.01516149,0.47566688,0.0,0.0,0.376697,0.32241523,0.0,0.36362365,0.62435424,0.0,0.094919674,0.075046554,0.1277034,0.30842352,0.0758827,0.3257193,0.2310169,0.01743307,0.0,0.037770048,0.18417522,0.09174028,0.15272987,0.26227105,0.6400059,0.0835828,0.27437076,0.27308333,0.38207906,0.25134856,0.024290603,0.22664918,0.16465293,0.7545825,0.59821934,0.16193867,0.1712544,0.43298426,0.0,0.4510148,0.22440322,0.0,0.5607651,0.0,0.12597509,0.12830982,0.40490073,0.0,0.554689,0.3686559,0.12765063,0.0,0.54194,0.34559858,0.2307616,0.21448806,0.4137938,0.0,0.25384223,0.49607474,0.17606494,0.5846865,0.090082884,0.6363819,0.0,0.0,0.47884423,0.1928226,0.24991974,0.05671753,0.04692235,0.0,0.2907734,0.19601473,0.53782094,0.12853947,0.3373281,0.24478462,0.14381978,0.42470688,0.4328682,0.46149728,0.0,0.3017383,0.10323854,0.43976218,0.28794688,0.3884158,0.6531324,0.12108333,0.0,0.6081225,0.0,0.010515411,0.19401506,0.4372884,0.017971866,0.13823782,0.0,0.23951264,0.14760557,0.5044742,0.27430478,0.11698531,0.25400272,0.08119022,0.0,0.58797383,0.74017775,0.45907187,0.16304466,0.557588,0.23289958,0.43416315,0.04828097,0.00874066,0.61695635,0.030801767,0.25282803,0.40142623,0.48006505,0.0,0.19784561,0.41917604,0.43461186,0.0,0.4326277,0.113323465,0.014559825,0.0,0.11100107,0.34009767,0.40078947,0.46710682,0.19361387,0.23898244,0.7329901,0.5570506,0.15814516,0.26942044,0.0,0.16157022,0.9210855,0.0,0.45404327,0.30081135,0.5804076,0.14104144,0.18899675,0.43970463,0.13609329,0.3602528,0.12802854,0.43856415,0.2926413,0.21054105,0.07234398,0.0,0.40611973,0.3881074,0.46866006,0.35829338,0.5899376,0.18321015,0.32125926,0.69829607,0.117350005,0.037825212,0.37984776,0.0,0.54335,0.0,0.1440933,0.66717017,0.0065848604,0.0,0.035146687,0.04066511,0.15119088,0.25248298,0.0,0.0,0.29432097,0.0,0.4002991,0.44327393,0.13480319,0.51044214,0.29092526,0.2658943,0.9485775,0.0,0.23995389,0.3708863,0.0,0.3647932,0.4105592,0.24197187,0.18672222,0.5547043,0.0070725195,0.21567681,0.399868,0.64534926,0.38006583,0.5521815,0.33182293,0.0,0.10741262,0.03496749,0.11429204,0.26411536,0.64387214,0.0,0.33817846,0.09637818,0.4778254,0.12370677,0.0,0.11292826,0.1620026,0.08231421,0.0,0.7371588,0.53281033,0.30268946,0.39420247,0.0,0.48642716,0.0,0.054805093,0.53032684,0.121915415,0.00020189345,0.0,0.12066337,0.40126646,0.2903046,0.6688986,0.35582164,0.14192642,0.0,0.31688952,0.10242784,0.33493876,0.69779295,0.22890034,0.38455182,0.27175128,0.05542098,0.34026977,0.28613457,0.09502555,0.3718654,0.24074504,0.0,0.3900388,0.16286822,0.14920694,0.4739148,0.51860106,0.0,0.35871682,0.0,0.089699574,0.5617239,0.84242654,0.4188509,0.42676175,0.51868343,0.35146374,0.21290667,0.0,0.22370094,0.9828488,0.70094055,0.23205185,0.29968947,0.31803873,0.39474356,0.14559744,0.03722552,0.09784732,0.2975235,0.0,0.11385067,0.50272536,0.59222245,0.83933324,0.10065489,0.18222988,0.0,0.8130369,0.22071733,0.0064934306,0.6057536,0.0,0.60786796,0.021360237,0.33509073,0.0,0.06804153,0.37953573,0.17571491,0.107946955,0.30136234,0.30646387,0.17354575,0.18096977,0.0,0.23285677,0.22510177,0.5248109,0.22366007,0.0,0.55257905,0.035713993,0.03595745,0.4610923,0.3559723,0.20335269,0.2962066,0.18865207,0.8892947,0.0,0.27466875,0.4026903,0.0,0.12048734,0.34673056,0.5478852,0.2833557,0.48558617,0.46892667,0.282047,0.7301798,0.802167,0.48501197,0.65535396,0.52143437,0.43248084,0.54958844,0.32610083,0.38535047,0.5852489,0.6756605,0.026108362,0.0908404,0.03319609,0.08211492,0.8411341,0.09916699,0.0,0.0,0.2610043,0.2392052,0.71468395,0.0,0.25566015,0.3393835,0.14166978,0.22804393,0.0,0.3019559,0.47859174,0.0,0.0,0.0,0.06246064,0.27297112,0.74524283,0.60916686,0.039295744,0.058950476,0.20345585,0.0,0.6603153,0.0,0.16919683,0.54638183,0.0,0.07084034,0.0,0.3339341,0.7557568,0.14123365,0.0,0.2500978,0.21630588,0.0665374,0.006202679,0.03041146,0.40877044,0.26729167,0.15107414,0.32821104,0.0,0.45408958,0.1755477,0.12351286,0.14832649,0.4709821,0.5485096,0.503348,0.62190163,0.667345,0.19830757,0.28818226,0.0,0.14530471,0.25399715,0.0,0.23398134,0.12787262,0.0,0.28724766,0.5814613,0.20409933,0.5942497,0.610495,0.29929075,0.06026932,0.0,0.105536915,0.09552811,0.0,0.5337203,0.0,0.20202073,0.102238014,0.27616683,0.043329157,0.012470327,0.24711964,0.24432817,0.10457354,0.046458863,0.5022598,0.054763295,0.0,0.12603022,0.06976996,0.0077610165,0.4050357,0.76351535,0.18079399,0.37063307,0.15385383,0.61413395,0.18737505,0.0,0.043911442,0.096938476
ECT,0.115904674,0.44382852,0.2407509,0.3234069,0.14128675,0.0,0.17985295,0.18851385,0.0,0.32358038,0.24440281,0.2517764,0.0,0.069025464,0.14462596,0.0,0.0,0.13536522,0.3177629,0.042785224,0.0,0.050284006,0.046666272,0.15929587,0.34625766,0.22083513,0.1571173,0.10264351,0.63871604,0.0,0.5845508,0.16434866,0.7198842,0.36947548,0.37900373,0.6235189,0.13509458,0.37315607,0.6451808,0.41475877,0.0,0.7488035,0.0,0.49318466,0.33847317,0.41556644,0.080921486,0.010708546,0.4168796,0.0,0.0,0.6160512,0.3126592,0.0,0.45579705,0.7751828,0.0,0.0,0.19963053,0.28455153,0.21421,0.09164233,0.24225825,0.11303365,0.0,0.0,0.11373739,0.25482923,0.1574118,0.12944636,0.087668404,0.6893345,0.011186868,0.17966032,0.16512726,0.41527665,0.3040812,0.0,0.35967886,0.23218545,0.87638235,0.5790781,0.03515418,0.0015787557,0.6370015,0.0,0.5391214,0.06038814,0.0,0.2880995,0.0,0.16887026,0.26639163,0.5722505,0.0,0.57771116,0.501138,0.047972456,0.0,0.5412821,0.25182617,0.12912641,0.16556978,0.4084858,0.0,0.0,0.44472122,0.14333744,0.6189166,0.038872603,0.5668,0.0,0.0,0.41932935,0.44137433,0.15626791,0.05810304,0.20028934,0.0,0.108972326,0.13831383,0.47478455,0.24123462,0.49422014,0.26595518,0.13846128,0.16426083,0.34525666,0.42454895,0.051112857,0.28193304,0.17699645,0.24401917,0.1121251,0.31208527,0.7126649,0.17847814,0.0,0.5257184,0.0,0.0,0.19654652,0.59810066,0.13778429,0.20814823,0.0,0.14785151,0.051830746,0.46021804,0.28546256,0.06849829,0.12446612,0.050076533,0.19486491,0.7281306,0.57858336,0.3551215,0.39945662,0.19360162,0.25777024,0.31112725,0.0,0.1465495,0.6307678,0.030518241,0.09746972,0.3146438,0.4593516,0.0,0.17751199,0.5443874,0.35411012,0.069495946,0.53403807,0.0,0.0,0.0,0.0,0.34488732,0.48069656,0.30719823,0.12937415,0.2556364,0.84420794,0.64772856,0.072240055,0.058018968,0.0,0.09798675,0.7666946,0.0,0.4990061,0.28579068,0.65859646,0.20187922,0.20719565,0.39255303,0.26110727,0.2251828,0.24208832,0.35467228,0.18868916,0.21119027,0.041905317,0.0,0.36250183,0.33680224,0.58844495,0.64230365,0.5453079,0.18634625,0.18840408,0.716461,0.015979823,0.09009133,0.39978814,0.0,0.4100775,0.0,0.13796759,0.6641158,0.0,0.0,0.065106705,0.111102685,0.06741314,0.34497252,0.0,0.0,0.30290446,0.0,0.65283084,0.26446182,0.0,0.41988808,0.2880165,0.13641194,0.8606931,0.015712064,0.2395393,0.25621948,0.0,0.5239104,0.2639303,0.4903337,0.36083144,0.5037312,0.0,0.39675784,0.2920915,0.6656381,0.2573857,0.64210206,0.21778187,0.0,0.09479506,0.0,0.16801167,0.115520015,0.7633352,0.0,0.27273673,0.06303887,0.38137662,0.0,0.0,0.3349977,0.09363228,0.01580033,0.18937758,0.5375622,0.49026424,0.20444974,0.4332665,0.0,0.4249827,0.0,0.0,0.6758171,0.21321383,0.0,0.0,0.0830882,0.3017497,0.3549135,0.78862256,0.4558743,0.28745565,0.0,0.12779689,0.15653181,0.36089873,0.5968288,0.1467221,0.48720926,0.15271737,0.03301564,0.21979707,0.4038019,0.0,0.5580915,0.34694958,0.0,0.5262892,0.012645625,0.08182756,0.42229924,0.50022525,0.07487439,0.31960645,0.012251586,0.13852394,0.4485821,0.5778894,0.6865283,0.49573228,0.68931675,0.17773664,0.09803288,0.059905898,0.20359051,1.0313658,0.73217493,0.34039786,0.21637183,0.31155777,0.38467082,0.051921714,0.0,0.0017823051,0.44127572,0.0,0.1040224,0.5773144,0.5662663,0.809685,0.12388447,0.23710664,0.011282921,0.79481345,0.06773713,0.0,0.5264329,0.06833631,0.67238253,0.0,0.35239398,0.009316181,0.17395927,0.2524956,0.22643656,0.07364836,0.4040568,0.24255328,0.30270568,0.20624833,0.0,0.08262944,0.26556388,0.6832297,0.055024777,0.0,0.5056095,0.0,0.2813773,0.5864167,0.37205458,0.13289063,0.3915265,0.24997021,0.9179458,0.0,0.15560669,0.26989523,0.018614398,0.0655839,0.41212207,0.6324566,0.45968083,0.36502498,0.668651,0.24936657,0.5507249,0.98460597,0.27531737,0.78122216,0.31743595,0.3058333,0.5382201,0.17406295,0.5065267,0.40577924,0.59172237,0.12676176,0.29605827,0.07113832,0.0,0.76924163,0.1205502,0.0,0.031127378,0.16311613,0.30733576,0.78671056,0.0,0.15169995,0.21634871,0.016406247,0.121068284,0.0,0.18786477,0.30292565,0.0,0.0,0.0,0.042395994,0.36556286,0.61403906,0.3419395,0.0,0.05533039,0.09511022,0.0,0.5313052,0.0,0.0,0.5047963,0.0,0.086491145,0.0,0.3134874,0.7868245,0.003104968,0.0,0.431449,0.24040696,0.0,0.115072414,0.17860381,0.27067924,0.27833375,0.002581749,0.4156774,0.0,0.3708353,0.037712097,0.12803411,0.119585484,0.23825309,0.36727044,0.48522234,0.7288358,0.8087578,0.072862595,0.32812786,0.0,0.28059587,0.38587427,0.05877319,0.26040956,0.16965632,0.0,0.4703229,0.8215473,0.22171013,0.6802377,0.69221,0.42827016,0.03636898,0.0,0.3845421,0.078912586,0.0,0.5698748,0.0,0.40267724,0.10248865,0.43435794,0.09345257,0.08962701,0.13609533,0.3005247,0.0,0.032753456,0.5644682,0.03480816,0.0,0.18742709,0.0029303003,0.07769796,0.25542587,0.34025067,0.36609757,0.54819024,0.0862762,0.6168255,0.18952052,0.048310548,0.02304495,0.059852418
AUDd,0.0,0.17134613,0.09870817,0.072649434,0.061980687,0.13487497,0.09934898,0.10325816,0.06238759,0.04373864,0.13877517,0.06501137,0.21432485,0.0,0.18372324,0.08536591,0.0,0.0,0.13752349,0.0,0.057072192,0.15436712,0.12830819,0.17592837,0.17814922,0.08283715,0.033773184,0.015772127,0.12167363,0.061948895,0.12873514,0.0,0.1301783,0.213219,0.13955645,0.15820704,0.03446939,0.16891378,0.019797377,0.11630809,0.14875357,0.23220131,0.0,0.17554595,0.26614618,0.009722292,0.11205956,0.1664492,0.24325138,0.15899837,0.13457024,0.19367082,0.16076756,0.0,0.17717513,0.118488334,0.119779214,0.07021608,0.0,0.006530486,0.21807252,0.15637775,0.13777639,0.14522372,0.12825516,0.0,0.05663691,0.09520905,0.076404884,0.07792258,0.22256549,0.26161596,0.11468077,0.20319396,0.19077803,0.11610991,0.1963364,0.111555874,0.0,0.026619771,0.1347775,0.25318667,0.17990187,0.17756805,0.1551258,0.08736646,0.1831474,0.21486168,0.0,0.3258703,0.09534524,0.13848853,0.12869398,0.047636107,0.0,0.18370704,0.0,0.16892274,0.17797862,0.07634421,0.11136319,0.07176378,0.089164324,0.012230632,0.030886391,0.23520908,0.05503814,0.069614545,0.1514281,0.12063415,0.25769037,0.15822382,0.08870432,0.34472156,0.11868308,0.20351827,0.052024826,0.09287615,0.0,0.2651595,0.12760991,0.40530327,0.03737055,0.058897737,0.11226452,0.051137917,0.30649263,0.105377756,0.06775385,0.122000545,0.10437475,0.032849066,0.09964061,0.109608464,0.20981394,0.18678853,0.10660383,0.0,0.30252182,0.0,0.07632315,0.10193929,0.0,0.14195825,0.10900865,0.0,0.12136927,0.053620808,0.17258473,0.14641628,0.09042723,0.25133497,0.0,0.0,0.008545235,0.2969678,0.22484687,0.121367395,0.23495828,0.08691959,0.22287759,0.11694989,0.0,0.22340661,0.055861454,0.2541121,0.08620159,0.03195697,0.0,0.07289486,0.080653645,0.10633779,0.0,0.027931314,0.18299685,0.07500324,0.09283154,0.15821208,0.06682733,0.05390485,0.23101716,0.12133193,0.05823761,0.27685955,0.090905055,0.24540749,0.11035964,0.0,0.049752995,0.3245749,0.039662085,0.04907085,0.103820354,0.291102,0.120007455,0.1662922,0.08489689,0.10610455,0.15178949,0.0,0.2612854,0.14340086,0.04528427,0.044890344,0.021369688,0.07134407,0.1771193,0.023713155,0.0,0.11329304,0.0,0.18131636,0.14853859,0.20342346,0.1534567,0.112214915,0.0,0.30378586,0.024000794,0.10553335,0.13949591,0.1807482,0.0,0.108510464,0.17440255,0.110610455,0.009508265,0.022340167,0.002204772,0.08327167,0.004987158,0.1540714,0.16971266,0.059373785,0.12216079,0.061181616,0.07444844,0.2315163,0.058540747,0.062279925,0.19987485,0.0,0.03309286,0.2375912,0.098669596,0.0,0.16192935,0.13781856,0.075173095,0.21339124,0.07273203,0.2199228,0.1978992,0.10230644,0.06653068,0.02053408,0.056696303,0.090357244,0.14230324,0.25343007,0.0,0.15759368,0.15290032,0.34295735,0.08400215,0.0013400316,0.05345422,0.0,0.16240127,0.08896349,0.24316756,0.07641806,0.2710033,0.21615964,0.0,0.17854676,0.0,0.22757477,0.055986043,0.0,0.10704693,0.11369394,0.19465445,0.18121256,0.12877515,0.2296334,0.0,0.10022606,0.18070501,0.23033689,0.039521888,0.10071637,0.2594799,0.18583795,0.0,0.08827678,0.06554203,0.11583151,0.012186278,0.25810218,0.06834524,0.019170865,0.0,0.016968768,0.19384535,0.026029345,0.023313953,0.16435668,0.014148755,0.1523492,0.12069563,0.20725113,0.22245567,0.31513348,0.10277609,0.10913235,0.07270326,0.1073647,0.15573253,0.02776333,0.04047077,0.34261903,0.23716821,0.11795146,0.21266422,0.09180818,0.14551716,0.06963988,0.15539803,0.061359197,0.16264111,0.0015682392,0.059281845,0.21661645,0.025489343,0.17286956,0.07371152,0.21327467,0.0006788671,0.18251078,0.16611138,0.050973285,0.281909,0.12797299,0.13994688,0.0,0.094704226,0.019938748,0.0,0.0807665,0.20127773,0.12127641,0.20165709,0.25573194,0.104296036,0.16173525,0.0854526,0.22398974,0.16171399,0.11810198,0.07796528,0.020447547,0.10780761,0.15140629,0.06581693,0.21800923,0.04410686,0.047174573,0.21860972,0.015011579,0.1381145,0.111453496,0.17918167,0.26454312,0.06475043,0.07829932,0.12963115,0.15068509,0.05399693,0.29088932,0.012895509,0.22421397,0.3194816,0.2233479,0.3444718,0.038663544,0.18452151,0.18145193,0.06799401,0.13691956,0.0742818,0.22276576,0.3270667,0.06161156,0.08825673,0.050939873,0.20373079,0.2889911,0.10123961,0.0,0.0,0.16186193,0.17363766,0.10471331,0.0,0.15451759,0.20451888,0.23327139,0.0590037,0.0,0.20473167,0.15911236,0.095947266,0.0,0.0,0.029793194,0.1279425,0.21547097,0.26568282,0.10840945,0.028099867,0.057149906,0.32206935,0.23850206,0.0,0.069179736,0.14674923,0.0,0.07463971,0.033826325,0.14459983,0.091897845,0.05936908,0.0,0.13017671,0.16617489,0.102456205,0.0,0.18784302,0.074327976,0.13709474,0.030155685,0.068686165,0.0,0.1858057,0.12474923,0.13857293,0.11819737,0.30337685,0.17893904,0.15549558,0.12334954,0.20716867,0.11518802,0.123142794,0.0,0.0035444917,0.046937834,0.0,0.040217686,0.101250686,0.08754806,0.12358302,0.14961785,0.11308859,0.16283023,0.10060351,0.18949473,0.08685929,0.117010616,0.076794975,0.12438487,0.0,0.15700783,0.0,0.0017386321,0.02091917,0.06262139,0.05844882,0.020135896,0.0,0.15141188,0.15962772,0.05599535,0.20391826,0.08868732,0.0,0.10220088,0.19433539,0.036506034,0.28905162,0.4597814,0.090227544,0.14752156,0.043910258,0.13617319,0.10164544,0.03538037,0.039814137,0.054459747
AUDp,0.0,0.19210386,0.13823311,0.10320409,0.078284375,0.15725732,0.11362622,0.07474904,0.0,0.040945522,0.14231433,0.078237146,0.2091316,0.0,0.17518769,0.102815405,0.0,0.010099688,0.24733514,0.0,0.07216437,0.1292395,0.14223859,0.21557043,0.21702945,0.11556651,0.021470916,0.0037427396,0.17244749,0.0,0.15262252,0.034758452,0.19339247,0.3182047,0.1627325,0.25768372,0.0,0.21686645,0.14614671,0.09288862,0.13815527,0.29441243,0.0,0.27444187,0.30428934,0.08275146,0.1639539,0.20835248,0.26345754,0.123713486,0.11817227,0.1642286,0.16812032,0.0,0.15718949,0.20342287,0.08510715,0.10893174,0.0,0.036302976,0.31137118,0.18339673,0.23167576,0.18057866,0.05728337,0.0,0.059318133,0.12009775,0.08638495,0.06747662,0.20171343,0.3167083,0.059954613,0.19383433,0.20548056,0.24756172,0.26242536,0.15205574,0.0,0.061347548,0.2477829,0.33806366,0.17640248,0.2029405,0.15737845,0.07053665,0.21671596,0.19866927,0.0,0.37400746,0.08575591,0.1251182,0.10667305,0.14924805,0.0,0.2219082,0.0,0.16649841,0.16187346,0.14175783,0.10170837,0.09233446,0.21996352,0.11253694,0.014855178,0.2202905,0.19719636,0.13346629,0.27382416,0.12843812,0.2848401,0.14414912,0.03315849,0.31355253,0.17667341,0.26123726,0.03704366,0.14151423,0.0,0.3071275,0.12468463,0.40972948,0.031565048,0.113340974,0.13954622,0.108935125,0.33576775,0.08482448,0.1373299,0.083807364,0.092794806,0.09741981,0.18349518,0.12074451,0.23719011,0.31969175,0.16360407,0.0,0.35044223,0.0,0.077084504,0.10302024,0.044362094,0.09205095,0.15934145,0.0047189705,0.1580388,0.051177926,0.24102066,0.16109219,0.08805736,0.26466393,0.016250929,0.023943942,0.06388171,0.31579328,0.25354868,0.12985101,0.31922102,0.14401406,0.24215251,0.16688544,0.0,0.29455897,0.071802475,0.3213476,0.20049797,0.12634853,0.0,0.08548612,0.10123366,0.14331505,0.0,0.12617736,0.22366115,0.09794921,0.15157303,0.131277,0.10751864,0.074396,0.27337223,0.08773236,0.0843038,0.41014668,0.15405613,0.32214764,0.16956235,0.0,0.044474855,0.41522986,0.01093189,0.14306395,0.14526145,0.31887174,0.1887538,0.21882553,0.15537457,0.15458289,0.18822625,0.0,0.2379387,0.17338796,0.07368429,0.033305246,0.0,0.12538534,0.23805428,0.045671374,0.019088583,0.18621714,0.045951456,0.18766323,0.23548628,0.19277237,0.12829433,0.15443404,0.0,0.32823813,0.0,0.18221949,0.21210515,0.15925857,0.0,0.09309971,0.21822688,0.16164833,0.09118375,0.0,0.0,0.1189581,0.0,0.24640295,0.18359926,0.045827832,0.22772035,0.11332471,0.10354206,0.3574344,0.0013974933,0.048725627,0.21179864,0.0,0.13633993,0.28724706,0.1567409,0.061117977,0.26293325,0.14429684,0.18598926,0.24954894,0.18028232,0.24251448,0.24243698,0.17557164,0.05123312,0.07623358,0.054079123,0.07373769,0.1693173,0.352095,0.0,0.2271674,0.14502394,0.36006102,0.05512541,0.0,0.0799447,0.06032193,0.13029513,0.12189906,0.29586777,0.15004319,0.2897565,0.29652992,0.0,0.2245416,0.0,0.2438457,0.15817712,0.0,0.037669633,0.08988978,0.20674188,0.22617066,0.15148337,0.39235902,0.0,0.123894796,0.13883036,0.26923978,0.042125914,0.117810026,0.25516605,0.13709573,0.025330065,0.1096071,0.15015543,0.22324082,0.0,0.22136009,0.12738252,0.045073688,0.0,0.074871786,0.19582018,0.062355697,0.10208083,0.16234973,0.0,0.2043536,0.09258817,0.20771107,0.2508725,0.38038704,0.12647003,0.1893157,0.15413237,0.13454895,0.2465046,0.07568788,0.029608471,0.5047005,0.33890063,0.12963188,0.28406224,0.19512108,0.17477778,0.10752326,0.11271148,0.04852738,0.18716925,0.0,0.023448333,0.22652319,0.106920704,0.27553675,0.102954924,0.21048765,0.0,0.25657567,0.18595923,0.050641943,0.38104886,0.06525351,0.22204374,0.0,0.13904218,0.08266075,0.0,0.1532378,0.20519829,0.14897098,0.23069543,0.3327703,0.11710356,0.2244846,0.13415013,0.24961965,0.19021027,0.21546125,0.12162088,0.0,0.23549914,0.19931611,0.0468992,0.29488033,0.119239524,0.08372928,0.2413004,0.037575766,0.29405996,0.1276854,0.24785401,0.27098876,0.08660176,0.08987475,0.19241302,0.2287915,0.0323781,0.35794383,0.092412084,0.2755838,0.40123254,0.3570333,0.351956,0.13113555,0.23550102,0.27656052,0.10750836,0.21681958,0.110952064,0.29773998,0.31155565,0.08599771,0.09783618,0.0649271,0.19423285,0.38498253,0.07195459,0.0,0.0,0.14971688,0.18619296,0.18782051,0.0,0.18934502,0.23445523,0.23856813,0.07902132,0.0,0.29234973,0.20764281,0.029342884,0.0,0.0,0.06598059,0.122985154,0.25978777,0.31519735,0.07691915,0.022868691,0.0042081326,0.294387,0.28448874,0.0,0.08574878,0.1991711,0.0,0.055554904,0.0043667434,0.1487355,0.16349015,0.055083074,0.0,0.15301749,0.19515982,0.09946938,0.0,0.19430439,0.12366909,0.22176284,0.08509192,0.12814024,0.0,0.27686793,0.13059588,0.097911246,0.09896088,0.39583227,0.20746279,0.2083936,0.1471745,0.29413113,0.10886566,0.2235744,0.0,0.010635459,0.10749981,0.0,0.0629679,0.113020726,0.079912245,0.17280747,0.21084179,0.18621142,0.26932013,0.21011245,0.19843768,0.13775888,0.06907024,0.110582255,0.10015959,0.0,0.22509608,0.0,0.025787333,0.0,0.086964495,0.020169778,0.023545306,0.019553395,0.16900201,0.1643776,0.010311661,0.20548357,0.0797826,0.0,0.07743572,0.1638457,0.0,0.29952273,0.50905955,0.043155674,0.2607407,0.068355195,0.19167645,0.16261669,0.09551366,0.06116891,0.11458994
AUDpo,0.30389515,0.61899287,0.13490498,0.27913713,0.11248116,0.21416026,0.0,0.42649576,0.0,0.31308916,0.49779564,0.12070149,0.31366548,0.0041628988,0.3384313,0.0,0.0,0.01913597,0.37051123,0.0,0.0,0.29249567,0.016759163,0.43108913,0.63040817,0.14311212,0.14369217,0.058095463,0.78190976,0.0,0.54923594,0.08798402,1.0198352,0.54901636,0.42659178,0.8105441,0.0,0.5157309,0.8306748,0.50232816,0.17782964,1.0448444,0.0,0.7561771,0.6134512,0.4057573,0.3228012,0.10123684,0.6962751,0.0,0.03141241,0.7122818,0.50468236,0.0,0.6300756,0.89794695,0.0,0.032798193,0.19887695,0.19499463,0.18821649,0.26891777,0.24319318,0.30284727,0.07622498,0.0,0.19267015,0.29698023,0.39047354,0.19509956,0.20375915,1.0647248,0.08416801,0.1794827,0.31413442,0.5443254,0.303752,0.03750357,0.42590466,0.18689127,1.0817451,0.88873434,0.20391035,0.213081,0.63426065,0.0,0.6237242,0.35383168,0.0,0.4921448,0.0,0.123648,0.44599015,0.5500738,0.0,0.76213807,0.46004158,0.17123696,0.0,0.6367913,0.35024324,0.117956765,0.34992695,0.37829733,0.0,0.34781274,0.60932934,0.31469664,0.92752534,0.23545076,0.9850518,0.0,0.0,0.74010503,0.42762622,0.44264853,0.049922466,0.12918743,0.0,0.2699308,0.4132049,0.97379935,0.05373864,0.57805175,0.21181974,0.35824478,0.2634444,0.38599917,0.5545047,0.047960114,0.24058028,0.31514937,0.34473184,0.16980262,0.60264206,0.90276885,0.23490582,0.0,0.66886586,0.0,0.0,0.12962098,0.65111405,0.2678532,0.29432082,0.0,0.21456346,0.07204985,0.71403766,0.38803917,0.2348367,0.3685732,0.07704506,0.15537693,0.7776114,0.56142324,0.5054977,0.2943337,0.5075073,0.23284382,0.5583419,0.32817885,0.042271636,0.9259038,0.0,0.27588394,0.52835244,0.6289298,0.0,0.22729868,0.588075,0.47919023,0.11196633,0.6900873,0.07964584,0.14347742,0.0,0.16252781,0.44126487,0.53697556,0.6524487,0.13707215,0.1864322,1.1590527,0.82007074,0.2396389,0.37405014,0.0,0.37433562,1.0457649,0.0,0.65174913,0.41070566,1.062833,0.15860303,0.25189483,0.38745627,0.4256132,0.27359703,0.31045082,0.3284595,0.3931879,0.26913047,0.0,0.0,0.40733117,0.649015,0.67981064,0.58246017,0.75073075,0.17344406,0.320566,0.87676513,0.3783757,0.16638312,0.61203206,0.0,0.8089782,0.0,0.320444,0.8060193,0.0,0.0,0.0,0.17775731,0.0,0.44065496,0.0,0.0,0.2919879,0.0,0.5985793,0.31058785,0.0,0.6188834,0.3243804,0.2934524,1.2988992,0.0,0.24462669,0.34933612,0.0,0.65831226,0.35165307,0.37950227,0.38087606,0.7179451,0.11546418,0.48878324,0.50844,0.852202,0.53041494,0.95747876,0.2995421,0.0,0.10061166,0.0,0.06157463,0.44877568,0.9332048,0.0,0.56645525,0.019596208,0.7295054,0.0,0.0,0.33417305,0.27555946,0.0657475,0.010674426,0.7386349,0.5571545,0.3666652,0.7121148,0.0,0.58665204,0.0,0.22017655,0.7968417,0.11668907,0.0,0.0,0.03699939,0.3914098,0.34897438,0.92240787,0.40826276,0.24803759,0.08440888,0.42791885,0.2100941,0.52580976,0.8865807,0.3961323,0.5700275,0.27303118,0.066463664,0.43228167,0.38620064,0.04534027,0.6757137,0.3352063,0.0,0.63885,0.19067465,0.3847718,0.5394202,0.6369561,0.0,0.40681005,0.0010341685,0.20405334,0.77645344,1.0232114,0.8076968,0.7452963,0.66242063,0.18974459,0.23760691,0.0,0.27295324,1.3788793,1.2315716,0.3342967,0.42674896,0.49096116,0.42777866,0.12498626,0.06430496,0.0,0.5050342,0.0,0.2786349,0.77985656,0.7467279,1.0173314,0.12845388,0.32345507,0.0,0.86994237,0.2846564,0.05721907,0.95698434,0.15343347,0.77734166,0.20300445,0.43934315,0.028497133,0.091896966,0.3783098,0.30004287,0.17882925,0.53352904,0.73225856,0.24183136,0.35260385,0.0,0.3427933,0.12379918,0.9577764,0.20495802,0.0,0.6800871,0.23414561,0.09827921,0.72175443,0.44796005,0.37356976,0.48218212,0.104368195,1.0526855,0.0,0.3490379,0.31293258,0.012348371,0.049586903,0.42517257,0.7854709,0.3784293,0.62400454,0.6869712,0.51846707,1.0140275,1.1754855,0.628422,0.7988213,0.5953793,0.4405791,0.42176175,0.25755966,0.5743753,0.73663163,0.8870296,0.017973822,0.15179595,0.0685301,0.08313011,1.1103809,0.27095637,0.0,0.02565223,0.18514451,0.57279813,1.0552557,0.0,0.46312574,0.54188216,0.1666201,0.1693826,0.0,0.56721985,0.60018075,0.0,0.0,0.0,0.056289867,0.5121614,0.91067934,0.6483285,0.02380843,0.1193889,0.34056348,0.0,0.81466126,0.0,0.01406934,0.60590607,0.0,0.023350395,0.0,0.28651196,0.7748345,0.0023630913,0.0,0.49490085,0.23555776,0.020283999,0.050550923,0.1295273,0.37887484,0.2762284,0.03125124,0.5409593,0.0,0.61196303,0.0,0.16894136,0.0,0.52910256,0.66901404,0.58778375,0.76816237,1.0210272,0.11318068,0.4234536,0.0,0.43433356,0.38742357,0.0,0.1874252,0.3218936,0.0,0.70125383,0.9080718,0.48771352,0.8143328,0.77558947,0.4754223,0.015266195,0.0,0.35851038,0.3062474,0.0,0.5742499,0.0,0.42788857,0.33116198,0.55823225,0.0,0.014383629,0.16278887,0.32202408,0.0,0.18693909,0.71403843,0.1418018,0.0,0.40616566,0.10064192,0.0,0.54245985,0.9475627,0.3253816,0.7993283,0.0632383,0.9052102,0.4355058,0.12019746,0.0,0.10998971
AUDv,0.019569702,0.12907809,0.046235636,0.055958983,0.037332457,0.1335561,0.07135829,0.094872564,0.0,0.11707232,0.23636834,0.038139712,0.16689375,0.0,0.25894102,0.18823946,0.0,0.0,0.20627145,0.0,0.10597425,0.18007153,0.09899024,0.20433493,0.31418,0.109853834,0.0,0.11502492,0.23081937,0.0,0.22440334,0.0,0.35572138,0.17886,0.11376353,0.23880692,0.0,0.19589955,0.22833604,0.07294313,0.2105052,0.40545836,0.0,0.3346012,0.42197034,0.062400326,0.21911342,0.08165204,0.21839473,0.17381912,0.047497544,0.09689448,0.21287146,0.0,0.15710069,0.22627315,0.06800303,0.11446781,0.0,0.0,0.2760142,0.11199322,0.18671046,0.15355918,0.11394588,0.0,0.006036386,0.091915086,0.0,0.08945881,0.25800824,0.34833977,0.047481116,0.18782146,0.23705456,0.24633965,0.1742308,0.016702719,0.057010304,0.017324444,0.32465848,0.33338737,0.23094812,0.21751094,0.18516174,0.0,0.20695984,0.25439334,0.0,0.39000455,0.067256525,0.09313476,0.09462325,0.15228875,0.0,0.24440452,0.02971099,0.18138848,0.0810291,0.2518102,0.22003263,0.18839261,0.18023342,0.18521675,0.0,0.27882066,0.22838376,0.17800717,0.30785543,0.15239389,0.40765136,0.033597764,0.0,0.30093068,0.14353181,0.28536734,0.0006409306,0.06552622,0.0,0.27442938,0.19499592,0.45540226,0.0,0.18345472,0.056054365,0.10937661,0.36001998,0.2275754,0.20437704,0.0144636715,0.1657753,0.037776656,0.26869187,0.19357704,0.20435435,0.27419043,0.09328551,0.0,0.38243642,0.030238872,0.060620595,0.088395424,0.15777074,0.08900312,0.11622801,0.0,0.12757768,0.1416397,0.29724365,0.084860176,0.15673462,0.25166002,0.016267886,0.0,0.117409036,0.36068964,0.30389908,0.062651716,0.43344575,0.05817075,0.27708054,0.167571,0.0,0.33939937,0.054224316,0.30874425,0.23363791,0.26631308,0.0,0.107407585,0.11860968,0.20368406,0.0,0.15215582,0.1642747,0.06818077,0.030639231,0.14218475,0.20340793,0.15839925,0.32317728,0.068422064,0.06783864,0.3445317,0.21936111,0.28110996,0.25314915,0.0,0.15251854,0.5147181,0.0,0.15474997,0.13428783,0.3211735,0.119026035,0.17166777,0.1919646,0.14546897,0.23326969,0.0,0.1965386,0.21980758,0.08312348,0.0,0.0059389025,0.23703212,0.20886776,0.14601591,0.0,0.29926914,0.123639435,0.22862276,0.27960277,0.1764089,0.09425318,0.17093652,0.0,0.35337824,0.0,0.2074772,0.2950517,0.11290479,0.0,0.028482568,0.17161821,0.12995854,0.08866152,0.0,0.0,0.054211587,0.0,0.16967836,0.3341079,0.11369595,0.26241758,0.16261806,0.17097968,0.4789975,0.0018858342,0.08380406,0.23682532,0.0,0.07408994,0.2925183,0.0,0.049097493,0.33009952,0.02827853,0.12462291,0.21893753,0.3279468,0.31861457,0.26219594,0.23034124,0.0,0.0011532754,0.031211495,0.022785066,0.25028828,0.29426354,0.0,0.28747252,0.0327705,0.39615142,0.0781073,0.0,0.0,0.14034526,0.10444513,0.0,0.40786654,0.2049023,0.2446509,0.27429798,0.0,0.26389176,0.0,0.2997329,0.19138238,0.0,0.077230886,0.009036951,0.14816476,0.23800857,0.10812297,0.33978653,0.08592924,0.056679193,0.0,0.28106505,0.035077587,0.1363587,0.37916183,0.21797824,0.09493046,0.12533109,0.1477287,0.21755445,0.0,0.099983044,0.20555748,0.017843835,0.0,0.17449477,0.1502388,0.13695712,0.21106386,0.27776217,0.0,0.15910256,0.07099625,0.070468,0.36819947,0.5574658,0.06992674,0.20264676,0.17762104,0.15112343,0.19737221,0.0,0.08588759,0.5062354,0.3916738,0.085902475,0.20044333,0.24278635,0.12270446,0.13866125,0.15140979,0.08864448,0.110309616,0.0,0.07897705,0.2255364,0.24075958,0.37396687,0.055017967,0.17865314,0.0020537004,0.33181417,0.21354878,0.06958148,0.4234107,0.07661016,0.27429754,0.057535265,0.12921071,0.00027167518,0.0,0.2204116,0.13836893,0.0756703,0.15686545,0.22370599,0.04784292,0.20079565,0.10427289,0.2534192,0.047821723,0.23372978,0.1519365,0.0,0.33933428,0.19602296,0.0,0.2544609,0.21488628,0.10712536,0.18147466,0.0,0.41248184,0.009168287,0.27042118,0.28083244,0.0,0.031193223,0.18455058,0.2951298,0.03975792,0.4154427,0.13926207,0.2790436,0.5033834,0.32091302,0.3493029,0.13977364,0.42226866,0.3479778,0.19861175,0.25289106,0.097235106,0.38147783,0.42796317,0.057773694,0.0,0.03077296,0.16531341,0.44802552,0.08767001,0.0,0.0,0.22372892,0.19925612,0.29881498,0.0,0.24242294,0.3547465,0.20059475,0.17408954,0.0,0.2905105,0.3366264,0.02970052,0.0,4.8015267e-05,0.104750395,0.15489584,0.44189653,0.3605571,0.14427976,0.0035886262,0.12120704,0.1898722,0.39014065,0.0,0.1435827,0.27739108,0.0,0.067381926,0.0,0.19773453,0.312451,0.11556509,0.0,0.11535089,0.147178,0.11926032,0.0,0.064510465,0.17911908,0.24047598,0.111533985,0.118992396,0.0,0.31890506,0.12422241,0.13412766,0.018128362,0.37479275,0.37720922,0.25363195,0.18299042,0.2906516,0.12789288,0.111385524,0.0,0.09249139,0.040573422,0.0,0.0712093,0.14463581,0.0,0.16024114,0.123998225,0.177007,0.3391052,0.27665493,0.14081928,0.13401768,0.0,0.0,0.14953688,0.0,0.23037021,0.0,0.03860885,0.040492035,0.102860905,0.030382404,0.0,0.08804287,0.15502928,0.156576,0.13008994,0.22900607,0.08441977,0.0,0.048944835,0.11593722,0.0,0.35318178,0.72859263,0.018548142,0.14773199,0.098151,0.30918208,0.108469434,0.020939745,0.001296334,0.10128604
GU,0.21802005,0.10265008,0.22841866,0.15077381,0.033583634,0.12682033,0.42101243,0.03751697,0.041608937,0.29548982,0.53805363,0.32222712,0.27551636,0.07913254,0.38632026,0.44075716,0.0,0.0,0.7331465,0.0,0.37755522,0.0,0.19376391,0.32278645,0.49052048,0.42690352,0.0,0.2760882,0.4963567,0.0,0.49732953,0.0,0.66014373,0.46306682,0.4134256,0.9646339,0.11482958,0.22465275,0.8487511,0.1925996,0.2376991,0.66940665,0.0,0.41423854,0.5083817,0.46023113,0.58083844,0.3192532,0.0,0.40690798,0.0,0.18427372,0.25587443,0.0,0.12999515,0.4627709,0.08722843,0.24935777,0.10020372,0.391656,0.47727358,0.016251378,0.4824356,0.28245547,0.34838697,0.0,0.0,0.0,0.11417401,0.13308224,0.19483061,0.46476644,0.083391085,0.19634834,0.13668908,0.52998936,0.5862874,0.0,0.3928648,0.2153534,0.6951281,0.29003906,0.2793817,0.26349792,0.5763345,0.020417424,0.021745749,0.2282712,0.0,0.35120007,0.0,0.16428477,0.15110753,0.71803087,0.0,0.31736785,0.024257105,0.28716993,0.21766013,0.5815643,0.46727496,0.34228146,0.52195954,0.4587912,0.029185021,0.18211655,0.6689577,0.4732508,0.67928475,0.25120312,0.5415123,0.0,0.0,0.24858627,0.59459335,0.6661567,0.16987112,0.26805812,0.0,0.17610791,0.26787436,0.57942975,0.13879469,0.5956093,0.2345272,0.43557724,0.5131429,0.35618833,0.5340555,0.3592037,0.33917987,0.21476148,0.46407464,0.25269818,0.10808508,0.4688662,0.34847492,0.0,0.6882559,0.25445557,0.0,0.07221448,0.6466885,0.0572253,0.3106435,0.0062448606,0.1873172,0.30650082,0.18664782,0.3569117,0.33995542,0.12833185,0.20163028,0.0,0.27950472,0.3261861,0.3287483,0.5069795,0.6351391,0.2703836,0.4212696,0.32117012,0.08450553,0.28780332,0.38393286,0.5368491,0.35047686,0.6766045,0.0,0.28692776,0.24869734,0.3378108,0.24505897,0.3380819,0.14688368,0.09078759,0.15326005,0.33360004,0.56765735,0.5135957,0.38335055,0.074583486,0.16403316,0.63904124,0.42592373,0.6771717,0.49436527,0.0,0.3208594,0.6968773,0.0,0.22812603,0.14737442,0.35767287,0.37287423,0.3947416,0.44437033,0.25990814,0.31808314,0.16279617,0.28689376,0.49012586,0.33778006,0.0,0.09029091,0.5400192,0.32650414,0.72504866,0.0,0.55907744,0.4630673,0.17749837,0.2500857,0.15625586,0.17593896,0.26066214,0.0,0.34533933,0.0,0.44970778,0.54812473,0.0,0.0,0.17249931,0.22374912,0.2169278,0.36837527,0.0,0.0,0.0894212,0.0,0.5183229,0.71030086,0.1643655,0.6472806,0.19603056,0.45688942,0.8205372,0.0,0.17065808,0.4588274,0.0,0.3166289,0.2871033,0.24663721,0.47687984,0.5404847,0.1574489,0.5279035,0.3134548,0.70413417,0.5364617,0.46678352,0.23549382,0.06077095,0.074278876,0.25089896,0.05848299,0.371254,0.6128706,0.0,0.5233106,0.0,0.5011878,0.16927,0.0,0.1335314,0.36036316,0.07393812,0.1686593,0.5490747,0.28866827,0.2053598,0.54100674,0.0,0.52070564,0.0,0.4443085,0.4810121,0.15357211,0.20744644,0.21615992,0.22941251,0.30186325,0.0,1.0219239,0.4238677,0.11723499,0.0,0.4400646,0.0,0.20444779,0.4617749,0.10738219,0.28289372,0.023908302,0.5433874,0.31303012,0.18004411,0.08795574,0.5585933,0.13860169,0.0,0.389062,0.0,0.32895935,0.5090309,0.3748271,0.0,0.264864,0.22886895,0.05634985,0.34353852,0.6728018,0.2787845,0.5371687,0.5488001,0.16023412,0.34833032,0.40463614,0.02102838,0.65655726,0.6433758,0.0,0.169965,0.57197934,0.31198415,0.45711723,0.29142874,0.18972795,0.22126126,0.0,0.20157118,0.3552826,0.48163143,0.718822,0.18176606,0.3070408,0.09939836,0.46337005,0.30055675,0.12041892,0.52757776,0.034873333,0.5911309,0.2810846,0.106447265,0.386721,0.33598483,0.5806582,0.021585807,0.22215614,0.15990078,0.3426781,0.36837843,0.49837235,0.3367142,0.267291,0.013274008,0.38424462,0.28298348,0.0027735177,0.7298082,0.5794716,0.2289058,0.53842807,0.44790474,0.22592854,0.23344848,0.10422766,0.97456443,0.0,0.5938376,0.44594443,0.34550345,0.08379376,0.62074465,1.0217844,0.45659125,0.63969016,0.48285866,0.35456428,0.61917347,0.43382183,0.17999794,0.4467429,0.7530382,0.55157137,0.44128913,0.4839096,0.1807627,0.60392714,0.4144257,0.22151306,0.2404967,0.0,0.12702708,0.57555234,0.23005714,0.14343879,0.0,0.40468523,0.17908238,0.84190357,0.0,0.2930435,0.6142726,0.045946255,0.43514663,0.0,0.4397832,0.44717515,0.0,0.0,0.082623646,0.24706163,0.09287626,0.7268577,0.3388151,0.029439967,0.0146755185,0.1846399,0.0,0.60823834,0.0,0.29651704,0.47222185,0.0,0.019712176,0.0,0.38838536,0.5317934,0.15220857,0.0,0.37807873,0.10104559,0.0,0.0,0.47193497,0.106442526,0.47029406,0.02847283,0.37450293,0.0,0.42980027,0.28988194,0.093752384,0.0,0.36154577,0.6617549,0.6222316,0.35408568,0.64407724,0.052097835,0.24399103,0.0,0.39451942,0.22193994,0.20760323,0.20179203,0.26622105,0.11587724,0.38059473,0.2175712,0.5778978,0.76723653,0.67007804,0.22470848,0.50615114,0.0,0.061816644,0.3548206,0.0,0.31828174,0.141658,0.20286211,0.070593834,0.32457826,0.03906024,0.0,0.15320298,0.4959933,0.13589579,0.108158365,0.20966467,0.014426872,0.059244867,0.21277462,0.33523706,0.07497568,0.43851173,0.8484178,0.2943753,0.3039142,0.28619683,0.56876916,0.06860139,0.21594964,0.20153011,0.3234187
VISC,0.03530964,0.00058253855,0.08753903,0.15881819,0.05792129,0.15060833,0.22835998,0.06265637,0.061288837,0.33110428,0.38691843,0.14510353,0.2841166,0.0,0.46416318,0.34981647,0.0,0.0,0.2520065,0.0,0.1873933,0.10082536,0.26114208,0.14523599,0.34993094,0.25812733,0.0,0.24992141,0.19149649,0.017161576,0.1738675,0.016126826,0.4202443,0.11541821,0.14521836,0.46602985,0.08961509,0.0697947,0.37023613,0.06453247,0.33971676,0.5293046,0.0,0.24037232,0.4547234,0.05820988,0.38423705,0.15802126,0.02142112,0.4236001,0.008895647,0.0,0.40084472,0.0,0.05273172,0.2100445,0.3258873,0.21076618,0.03682303,0.08528622,0.27056497,0.115036994,0.45165035,0.11642115,0.25902486,0.0,0.0,0.16423172,0.0,0.069280185,0.35046202,0.29317495,0.11028987,0.22655955,0.3519806,0.17471962,0.21500444,0.0,0.14052227,0.110213,0.2633371,0.16697961,0.35336104,0.26472205,0.25149465,0.0,0.12405987,0.3073758,0.0,0.32516035,0.14976594,0.21564668,0.069457375,0.32715327,0.0,0.2373967,0.0015159808,0.24950351,0.27200422,0.40856403,0.4202872,0.29345167,0.26945597,0.27634448,0.0,0.3207355,0.29002097,0.31099063,0.19571978,0.23833446,0.36036706,0.0,0.0,0.23155463,0.26860535,0.43740642,0.06846324,0.07232733,0.028181257,0.29524475,0.35626268,0.4539738,0.000984937,0.2074666,0.078309864,0.15890242,0.51783234,0.35964215,0.34041712,0.12469265,0.23741083,0.10038875,0.37942773,0.26202428,0.10221024,0.19499297,0.23691541,0.0,0.62834775,0.21057354,0.0040574493,0.053119734,0.3587398,0.14713505,0.16705947,0.0,0.26253992,0.29694462,0.18530779,0.09100872,0.26928383,0.11607744,0.110440224,0.0,0.029796202,0.37117857,0.31530234,0.22754748,0.45831048,0.011495603,0.42763618,0.2808457,0.0,0.22577211,0.33310992,0.36970592,0.27491346,0.3895079,0.0,0.16326757,0.17360292,0.2255247,0.03762828,0.21953444,0.09061884,0.15099901,0.18520886,0.32599437,0.35299957,0.22382264,0.21126986,0.18285374,0.029047254,0.3925973,0.25847372,0.42115083,0.364316,0.0,0.20125143,0.5865708,0.029130708,0.0,0.04900295,0.18924232,0.17270853,0.19439113,0.3027967,0.14384738,0.18273667,0.0,0.20599756,0.41106188,0.19478066,0.0,0.17948261,0.34828505,0.099052995,0.4276118,0.0,0.4063654,0.250619,0.11466879,0.23763739,0.21680628,0.12730533,0.034304738,0.0,0.33824,0.0,0.14911327,0.23821747,0.05870751,0.0,0.22112039,0.14809309,0.15119779,0.12131609,0.1214001,0.0,0.008913701,0.0,0.24074867,0.6817709,0.27653253,0.34714654,0.15777555,0.2755722,0.47684112,0.03126288,0.24491632,0.35635367,0.0,0.061398678,0.25719053,0.04033325,0.1730345,0.4436556,0.0631963,0.27870944,0.07277045,0.35603476,0.37615436,0.25990033,0.25310472,0.0,0.06357877,0.073754996,0.06433092,0.18437307,0.25833803,0.0,0.36217764,0.051213343,0.37330607,0.23904046,0.0,0.0,0.13783376,0.28060067,0.011094093,0.39710993,0.2681666,0.15696013,0.27378526,0.0,0.36917722,0.0,0.30314475,0.13848923,0.032511353,0.24380349,0.16211636,0.25841147,0.24894454,0.0,0.46258482,0.19236937,0.006495189,0.0,0.3156916,0.015209369,0.1789042,0.3776452,0.22606929,0.051070154,0.14765291,0.29164803,0.15806442,0.0,0.19292837,0.38559094,0.0,0.0,0.16849011,0.01066941,0.07555337,0.36977103,0.34740826,0.0,0.11958867,0.1280774,0.0,0.37857515,0.61422974,0.0,0.25995392,0.12685664,0.03583102,0.16951707,0.19947836,0.05927763,0.34525132,0.33025712,0.0,0.040055692,0.28051665,0.13261811,0.38633746,0.3078937,0.21610495,0.07371482,0.0,0.10676257,0.11183548,0.13521126,0.2962484,0.11313112,0.2066393,0.12920645,0.33888593,0.34072855,0.13771117,0.4249189,0.20879509,0.21356033,0.1617389,0.039617978,0.09765882,0.17736474,0.3916065,0.10354836,0.14628342,0.042097278,0.1865967,0.17228273,0.24743386,0.2483258,0.16954918,0.0,0.13561735,0.120964006,0.0,0.40723062,0.40290263,0.015090546,0.19552922,0.28484535,0.15750374,0.115178086,0.16265276,0.55823004,0.032277513,0.46132463,0.41950572,0.16510414,0.14884548,0.41684663,0.47752637,0.16685635,0.39357513,0.23757623,0.18717037,0.5141537,0.154689,0.21487522,0.16204333,0.5733788,0.40140134,0.19725107,0.33216977,0.1612613,0.35090488,0.4793129,0.15900302,0.04708603,0.033238992,0.14357011,0.34876096,0.16369516,0.089916795,0.0,0.23868293,0.1572624,0.4037753,0.0,0.28205365,0.5256672,0.17010276,0.2537114,0.0,0.29887477,0.44729266,0.03646646,0.0,0.06833716,0.24459638,0.0,0.5262236,0.33218083,0.21874109,0.02477801,0.24361546,0.073032945,0.3188369,0.0,0.36042613,0.21527259,0.0,0.0637456,0.0,0.36339647,0.20629902,0.27505943,0.0,0.11083993,0.0,0.103206456,0.0,0.1821578,0.258796,0.28103775,0.0011133328,0.19323032,0.0,0.27461666,0.21376505,0.17739224,0.08881572,0.3521844,0.5912103,0.3952537,0.04821045,0.2656511,0.15448508,0.0,0.0,0.26876715,0.059128452,0.026204325,0.14724141,0.12510495,0.020226438,0.14527395,0.0,0.35198987,0.41338292,0.3420601,0.077050135,0.44667482,0.04794532,0.0,0.2688065,0.08213485,0.09340178,0.06780641,0.1482363,0.15700465,0.15408339,0.0,0.0,0.06543745,0.2494527,0.2822777,0.3018337,0.21412438,0.11320434,0.0,0.05491078,0.26906726,0.04732117,0.3449662,0.88061625,0.2056953,0.040461883,0.28374436,0.4011523,0.08708185,0.037898913,0.14810552,0.23277712
