index,1,2,3,4,5,6,7,8,9,10,11,12,13,14,15,16,17,18,19,20,21,22,23,24,25,26,27,28,29,30,31,32,33,34,35,36,37,38,39,40,41,42,43,44,45,46,47,48,49,50,51,52,53,54,55,56,57,58,59,60,61,62,63,64,65,66,67,68,69,70,71,72,73,74,75,76,77,78,79,80,81,82,83,84,85,86,87,88,89,90,91,92,93,94,95,96,97,98,99,100,101,102,103,104,105,106,107,108,109,110,111,112,113,114,115,116,117,118,119,120,121,122,123,124,125,126,127,128,129,130,131,132,133,134,135,136,137,138,139,140,141,142,143,144,145,146,147,148,149,150,151,152,153,154,155,156,157,158,159,160,161,162,163,164,165,166,167,168,169,170,171,172,173,174,175,176,177,178,179,180,181,182,183,184,185,186,187,188,189,190,191,192,193,194,195,196,197,198,199,200,201,202,203,204,205,206,207,208,209,210,211,212,213,214,215,216,217,218,219,220,221,222,223,224,225,226,227,228,229,230,231,232,233,234,235,236,237,238,239,240,241,242,243,244,245,246,247,248,249,250,251,252,253,254,255,256,257,258,259,260,261,262,263,264,265,266,267,268,269,270,271,272,273,274,275,276,277,278,279,280,281,282,283,284,285,286,287,288,289,290,291,292,293,294,295,296,297,298,299,300,301,302,303,304,305,306,307,308,309,310,311,312,313,314,315,316,317,318,319,320,321,322,323,324,325,326,327,328,329,330,331,332,333,334,335,336,337,338,339,340,341,342,343,344,345,346,347,348,349,350,351,352,353,354,355,356,357,358,359,360,361,362,363,364,365,366,367,368,369,370,371,372,373,374,375,376,377,378,379,380,381,382,383,384,385,386,387,388,389,390,391,392,393,394,395,396,397,398,399,400,401,402,403,404,405,406,407,408,409,410,411,412,413,414,415,416,417,418,419,420,421,422,423,424,425,426,427,428,429,430,431,432,433,434,435,436,437,438,439,440,441,442,443,444,445,446,447,448,449,450,451,452,453,454,455,456,457,458,459,460,461,462,463,464,465,466,467,468,469,470,471,472,473,474,475,476,477,478,479,480,481,482,483,484,485,486,487,488,489,490,491,492,493,494,495,496,497,498,499,500
mAmyg,0.0,2.2704813,0.8988404,0.0,1.9017007,0.7149685,1.2582004,1.4305192,0.0,0.7794463,2.5032067,0.34049955,3.4307947,2.6301548,0.0,2.8961437,0.0,3.1845465,2.0397606,0.15587874,1.1571255,1.4000326,1.6653608,3.4185112,0.0,1.0885407,2.3152056,1.0134526,0.0,1.9152374,0.81228364,1.6050009,1.024096,1.6192644,1.502367,0.0,0.42988744,0.0,0.0,0.0,0.87950045,2.138774,2.3399565,1.3593491,1.6325961,0.96302474,1.4002582,2.4505196,1.0421236,0.25161695,0.1894088,0.28537968,1.4840721,0.0,0.0,0.0,0.0,0.8664583,0.9413883,1.3354363,0.96759236,1.0282547,1.6049862,2.5835826,0.0,1.6420246,2.0874212,2.4199808,1.2795749,0.29486266,0.8067632,0.0,1.3760796,2.6832185,1.3856262,2.5499258,0.0,1.3860598,0.020975176,3.8805485,0.0,2.6862814,0.0,0.0,1.2160463,0.0,0.0,1.3909918,2.1718569,1.6526251,0.5744942,1.6671829,0.0,0.0,0.027067246,0.8866107,1.4450742,1.9937773,3.8760056,0.36889526,3.1820607,0.45204896,1.762866,3.3520248,2.945839,1.9356966,0.846683,0.0,2.730748,0.0,4.071466,1.017395,0.29233465,2.8195493,2.2350929,0.0,2.9733899,3.2393596,1.0502131,0.0,3.7016592,1.8433198,0.0,0.4609642,1.6287405,0.0,2.4264321,2.549112,0.14041221,0.0,1.7969928,1.8466846,5.08828,0.0,0.1974596,0.26583666,0.0,1.1244063,1.0247704,1.858702,1.0568589,0.97811157,3.8410704,3.5789614,0.0,0.32485515,0.0,0.49220365,2.5598729,0.9670111,3.5012672,1.3987011,0.0,0.8417931,0.95593387,2.81662,0.0,0.0,0.38430053,2.3673193,0.39117336,0.0,2.966203,0.48648477,4.4674,0.0,0.0,0.0,1.3729453,0.001753306,0.0,1.2445291,3.512918,1.2067916,0.0,3.2164817,3.8318977,0.29963756,0.0,2.8313394,0.62756634,0.0,0.0,0.8494988,2.1148384,2.829369,0.0,2.6348953,0.0,1.1664047,0.0,1.9065957,0.9896014,0.0,2.4390173,0.0,0.0,1.3311911,0.0,1.1097826,1.0402864,2.5242715,0.77180487,0.5769894,0.0,1.3800021,0.0,0.0,4.17584,3.6827776,3.767812,0.0,0.6775304,2.3513494,2.1987724,0.8910744,1.8520283,0.0,0.35158733,0.0,0.0,3.268831,1.3952075,3.8660076,1.9889367,2.1780386,2.0121179,2.1316192,0.0,3.7157195,2.8554761,0.0,1.696332,0.0,0.35856625,1.8678017,0.0,0.861138,2.1975045,1.4506631,1.9245352,1.0115656,0.19584028,0.8189913,1.0266112,2.601855,0.17340139,1.9538056,1.421419,2.8181338,2.982933,0.0,2.5533316,3.1125376,0.0,0.8285978,3.4311757,1.8515141,1.0807664,1.8904454,2.1670156,3.40822,0.007894449,0.6204035,0.59026825,0.0,2.0720162,0.0,0.5138554,2.995926,4.470854,0.8676274,2.3626828,0.279417,4.2151947,0.0,2.2393985,4.052447,1.9298999,0.0,0.0,0.0,0.0,1.0575233,2.9365044,0.3947815,0.0,1.0979548,2.2737968,0.0,2.5987654,1.0126814,3.654712,1.9578211,0.2774912,0.0,0.46832207,3.0896564,0.051482573,0.0,0.5136342,2.09722,2.88738,0.19509786,2.7275844,0.10762511,0.21862008,0.871932,0.0,0.0,1.3152142,0.0,3.6666713,1.2463481,0.72832847,0.8710715,1.5738432,1.5648873,1.8173559,1.8053489,1.5753119,0.43728617,1.2350535,0.0,1.705129,0.3343964,0.19706684,0.0,0.72532177,0.0,0.8626365,1.3924222,0.0,2.9416037,0.12742075,0.034440566,0.0,1.9123828,0.0,3.1633916,0.09699512,0.0,0.0,1.8160386,0.0,0.0,1.7101058,1.3082609,0.70352644,2.4611354,3.2110612,1.0429417,2.86465,0.98469085,0.03696543,1.4076506,1.3918171,0.0,0.3573783,0.61734164,1.7009594,0.0,0.76554686,3.0416186,0.27012575,0.554405,1.799394,0.0,1.7985356,0.0,2.151526,2.170603,2.4875615,0.502654,0.7181153,0.07731677,0.0,1.6189618,3.5436585,0.0,2.5671904,1.1545011,1.5787609,0.4169954,0.52830976,0.5467994,1.5636636,3.9466097,0.0,2.776261,2.264885,0.8959257,0.0,1.4740871,3.5813024,2.1949754,1.9591151,2.5557172,1.7372192,0.0,0.75530684,0.048436686,1.2664418,1.4300852,0.33664805,0.0,0.0,0.0,0.7512008,2.3614695,0.2969628,1.5076463,3.2317832,1.266811,0.9226534,0.48937902,0.5191476,0.9385531,4.30058,1.5960733,3.5512674,0.0,0.81265336,0.0,2.4899788,1.5518715,0.0,0.0,2.9027069,0.0,0.47173768,1.710409,3.6414866,0.0,0.5268664,0.6575357,0.0,1.4030426,1.5484003,0.51301944,0.6282155,0.0,0.12895387,0.05295129,1.9671139,0.0,0.0,0.85491,0.43498248,2.2577994,3.5948672,0.0,0.40284842,0.0,1.3349458,2.7583203,1.9187632,0.10586027,0.0,0.0,0.39175552,0.0,1.2446055,0.81713796,2.1751747,0.0,0.0,0.35271922,0.0,0.0,0.17287508,0.0,0.0,0.0,1.2532225,1.0847263,3.6697655,0.0,4.4679923,1.5603579,1.108559,2.6534157,0.39106166,0.0,3.8087437,0.22794636,0.63683105,0.0,0.45012978,1.3914667,1.7958307,2.6921012,1.0464671,2.2376525,3.9351294,2.0862985,0.19865395,1.1051121,0.0,0.4034684
lAmyg,0.0,3.650802,2.7971883,0.0,3.0592356,0.8115826,1.6586738,1.6442175,0.0,1.0025628,0.668828,0.053165,5.661716,1.6615645,0.0,4.0171247,0.0,2.9986734,3.3867476,0.0,1.8672957,0.46329373,2.4765885,4.3527355,0.24298522,2.7334275,2.856239,1.2757463,0.0,2.5386448,0.9909942,2.598496,3.0522623,0.74751264,2.981067,0.0,1.3790762,0.3473758,0.0,0.47832847,1.5993508,3.4474823,2.6423576,1.4349014,1.2322538,0.32261312,2.7861753,2.2731204,2.3257248,0.0,0.0,0.11061491,2.881657,0.0,0.34595287,0.88686603,0.0,0.16364302,0.0,3.1182551,0.31381932,0.79042494,1.9170659,3.0244238,0.13348264,1.4192703,2.5631323,2.075819,1.2378025,0.2790487,0.9194577,0.42385224,2.3932953,1.3332961,3.1922224,3.7737384,0.9463763,2.1310344,1.0352691,5.0421677,1.6640136,3.6140378,0.0,1.1003875,1.6838441,0.0,0.0,2.5466177,2.2164857,1.6017971,0.084859066,1.2726706,0.054091647,0.0,1.8252571,0.83215696,1.6103827,3.097844,3.5852234,1.3202231,3.2452338,0.553687,1.5693198,4.10447,4.832125,4.037323,1.1957417,0.16121452,1.787688,0.0,5.642582,1.94203,0.45151028,2.6067097,4.709046,0.8017537,4.610003,4.643231,2.1662126,0.35406488,2.6963546,0.5918148,0.0,0.5498997,1.5056165,0.0,1.3975462,4.1578145,0.75665504,0.30296305,4.1357875,2.6120687,3.9327745,0.0,0.64046615,2.198361,0.0,3.3783338,2.3831646,3.0271513,1.9947649,2.1809576,3.8658717,4.1662517,0.0,0.5165052,0.0,1.198856,3.0360873,1.4171936e-05,4.3988647,1.0717483,0.5001345,1.6935531,0.6566352,3.6753983,0.0,0.13364962,1.503539,4.4724813,1.4720926,0.0,3.241726,2.0159345,5.1139894,0.0,0.0,0.69779,2.623615,0.43588847,0.0,1.1942242,3.9201615,1.3047101,0.0,2.92222,3.008839,0.027157929,0.0,2.5453248,0.97114193,1.8502057,0.0,1.7444495,3.0109568,3.0087101,0.0,2.2280056,1.3486204,2.7407184,0.0,1.7235404,0.76012033,1.4220154,0.50591826,0.0,0.0,3.4848785,0.18000977,0.8183884,1.5283012,2.067379,1.775158,2.2964315,0.5154183,1.3613905,1.5149944,1.2584985,5.3783975,4.207903,3.9692829,0.69159865,0.65491647,0.52126,2.2552543,1.818544,1.7755457,0.017545285,3.3840456,0.0,0.9422568,4.984988,1.5030088,4.4575486,2.0396135,2.2158542,3.7801986,2.2937438,0.60434985,4.0355306,2.4509552,0.0,0.40253818,0.16862954,0.0,1.3451741,0.0,1.4122981,1.2220469,1.9404982,1.1306211,0.6612642,0.31084874,0.0,1.1260369,1.9653679,0.0,3.1735482,1.2498325,4.4413214,4.368487,0.0,2.2634177,1.4888061,1.4259037,3.443123,3.432919,4.0979643,2.0025337,2.0767984,3.7618117,2.3895085,1.4234489,1.1508174,0.6174618,0.0,3.0684779,1.3907784,0.22203867,2.654821,5.3764844,1.2068262,2.9408696,0.7540721,4.45734,0.0,3.541014,5.8738027,2.7214458,0.42763105,0.7955379,0.44597918,0.0,3.6236222,3.6916246,0.0,0.0,0.6252308,1.7593437,0.0,3.0960498,1.538663,3.19201,0.772011,0.0,0.0,2.410887,4.149782,0.4359731,2.10049,1.580368,3.6004055,1.9383473,1.5460411,2.6964643,0.76412684,0.2802695,2.062085,0.0,0.0,2.2490947,0.0,5.727681,0.5480977,0.53447235,1.6196746,2.7576292,2.3843412,3.5360992,2.6807518,2.5270395,3.7884946,0.867916,1.3548588,0.9695989,0.82628894,0.0,0.0,0.91183585,1.2364607,1.8045782,2.7397351,2.4545932,4.2179465,0.9993919,0.0,0.95551133,2.018733,0.0,4.253461,0.017376587,0.3461119,0.0,1.365236,0.21102303,0.0,3.2615135,0.2901039,0.6233149,2.7756586,4.3661013,1.8991879,4.50561,0.82267416,0.0,3.119593,1.7445943,0.0,1.3262515,0.8447078,1.3799626,0.0,0.2674329,2.0963523,0.0,1.3923763,3.1789227,0.25789186,1.7961439,1.4014673,3.6200037,5.481222,2.705695,0.9294563,1.0513697,0.9046158,0.0,2.8998299,3.888091,0.0,2.2174838,1.5482514,0.7606689,0.0,1.9028839,2.5329993,2.6296167,4.4411635,0.0,3.8055186,0.6390543,0.7943399,0.0,0.9867141,3.7079804,2.8019593,2.078908,1.927867,1.805312,0.0,0.42953804,1.9020844,2.439602,0.7093871,0.9218428,0.0,0.0,0.12853667,0.49283457,2.6803868,0.7814057,0.35641146,3.1666837,0.0,0.5202122,1.7330796,0.8976148,1.4399035,3.1313345,2.8831627,3.201987,0.0,0.26918668,0.0,1.5387355,1.8863655,0.0,0.0,2.5077229,1.4722853,0.956771,1.1548604,5.1911387,0.0,0.66572756,2.636907,0.0,1.524541,2.4707282,0.10805644,0.5089198,0.0,0.8130506,0.0,0.40612763,0.0,0.0,2.4021194,0.0,2.2383804,6.340272,0.0,0.27098674,0.03992495,1.2149378,3.4699578,2.0469496,0.30439717,0.0,0.0,0.35338527,0.0,2.3015964,1.0347012,4.233407,1.7547023,0.0,0.0,0.0,2.181471,1.9940883,0.0,0.27815723,0.0,2.596275,0.22168095,3.778308,0.0,7.0282655,1.4528116,0.5261633,2.6475973,0.8987645,0.0,3.020458,1.507787,0.0,1.4182992,1.6467645,1.2499782,2.0268843,4.615397,0.0,2.6001556,4.9958057,2.1985443,0.70408237,0.8575337,0.92667115,1.1663606
CA1,0.0,5.932088,4.020216,0.0,5.8889556,3.0638492,0.6799977,4.5053997,0.0,1.0240763,1.372587,1.7642667,4.986371,0.14324905,0.0,6.9745407,0.0,2.1129463,2.2101612,0.0,0.99668187,0.0,0.3118113,4.4832144,0.49171266,8.880802,0.83062214,7.104162,0.0,0.0,4.7236886,2.0068164,2.7815197,1.8474289,3.660416,0.4591776,4.5443487,2.7835245,0.0,2.2917514,0.7711889,4.8592477,3.1053715,1.5122454,1.6529757,1.062927,6.3252716,1.8587594,3.152042,0.0,0.0,0.7428059,4.308753,0.0,1.0022795,2.677389,0.6704335,0.0,0.0,8.354874,0.595109,0.0,4.205971,1.4495802,3.6087048,1.1563187,1.684816,2.9586906,0.0,2.0514343,0.69617814,2.8124092,4.2464724,2.727346,7.001455,6.018848,2.7436619,0.0,0.3307565,4.9823427,5.689428,2.7571173,0.0,2.8822737,1.4792247,0.0,0.0,2.6123736,2.8258677,0.29093987,0.63090307,0.36912358,1.2318425,1.4614611,4.925599,1.8235502,1.809158,1.8452815,0.5434373,4.99912,1.2112229,3.1805868,4.912611,6.1690645,3.6313584,3.3535438,0.5321283,1.5214956,1.6307135,6.1442246,1.11392,0.267672,2.2007322,2.309571,7.338942,2.5204618,1.2331917,4.4805903,0.94514734,3.0944898,2.422463,0.0,1.0442933,2.925461,1.8091552,0.0,0.8640577,4.0261836,3.843787,0.8867902,2.669195,4.522033,1.1943456,0.0,0.8358844,3.7240736,0.0,5.8660917,0.17190996,2.9007792,1.8719457,1.8926889,0.66846955,2.2021048,1.4158084,2.9331648,0.0,0.0,0.37554607,0.0,6.1223617,1.7196109,0.054992244,0.23066379,1.0446366,6.191802,0.0,0.17555568,2.3507304,9.136562,3.490058,0.0,3.5015006,4.3884315,1.4869792,1.0663774,0.17615427,2.0515854,3.846594,0.03880129,0.0,0.39253744,1.7003592,0.0,0.0,0.7854931,4.3230143,0.0,0.0,0.0,1.3183613,4.5453515,0.0,2.273351,4.9965544,0.99831474,0.0,0.0,1.9800649,2.2426157,3.5128412,3.698298,2.5978644,2.277889,1.6122181,0.0,0.0,6.866864,1.4448392,1.468186,3.037326,0.0,2.5481992,2.2312064,3.3767471,4.4493957,3.5263398,4.0149665,1.7735168,5.4286556,3.4078655,1.2492154,4.9076977,2.1500587,2.550781,2.6245027,0.0,1.280234,7.343777,0.0,3.4818153,4.80431,3.7519855,4.346345,0.0,0.8477111,7.1459193,0.6985307,4.739285,0.0,2.40201,2.1625555,0.0,1.4662222,1.1527147,0.90550286,0.0,1.8975383,0.0,5.3237214,0.14181969,0.27578545,1.8946805,0.0,0.59456825,2.2814975,0.9186804,7.1888375,2.0751615,2.8286958,3.1694245,0.0,4.088971,0.0,1.8162947,5.358733,3.7262626,2.4024742,2.3975248,2.483968,4.445417,1.6475081,3.313834,3.4149046,2.3331547,0.10321393,2.036115,2.8992295,0.0,0.7858601,3.5625873,0.87024665,1.2405095,1.7638412,4.8206606,0.0,3.886162,3.0154765,5.2065086,2.2569761,4.057811,0.75269693,0.0,8.224363,7.151438,0.0,0.23752414,3.8406801,0.24863671,0.0,0.022077883,2.217823,0.25520158,0.07574267,0.0,0.0,6.4816394,2.153937,1.6148329,3.2062058,1.7175297,6.810582,0.025871085,0.9504164,4.5147867,1.4389881,0.90321565,5.1995153,0.0,0.0,7.03283,0.0,2.2489617,2.2379746,0.27112728,0.5027267,2.186532,0.25897208,6.1126266,0.61356056,5.70937,6.252868,2.5566354,2.1044526,0.0,2.0039244,0.0,0.0,5.159294,5.360179,2.9124289,3.640218,2.083957,0.85227025,0.0,1.548989,3.0219042,0.0,0.0,1.500073,1.5588851,0.0,0.0,0.44580513,0.0,1.2177268,1.0157404,0.0,1.8205825,2.7772815,6.1711845,1.6129165,2.8712277,1.4073681,0.0,10.094141,0.9850257,3.0761502,1.8293985,2.1687803,1.0859401,0.0,0.53560776,0.39384773,0.0,6.171087,1.9734273,2.7490902,0.7232522,5.4313793,0.46673808,6.6066437,0.70574915,4.3933067,1.0939419,7.416093,0.0,1.9617451,4.9755626,0.0,0.67649424,1.2991743,1.3206483,0.0,1.9179095,4.319256,8.6734085,4.4990435,0.0,1.1377059,0.0,0.63859695,0.0,0.0,0.49235559,1.9332968,2.0943408,1.7357332,1.5728803,0.0,0.6634724,2.3127224,1.7007004,0.74535036,3.3594909,1.8605512,2.57395,2.0018563,2.4831371,0.81811535,0.0,0.0,5.045334,0.2017351,1.2184939,2.1332977,2.9592476,1.994874,4.212706,5.172021,2.0234277,0.3992978,0.0,0.0,4.705097,1.3450241,0.0,0.0,0.6053756,2.6212194,2.5720196,0.0,4.256139,0.0,0.7220227,2.9150143,0.0,3.2958386,1.3808719,1.6186463,0.035245273,0.0,0.7048281,0.87383103,0.0,3.4473767,0.0,1.5066395,0.0,0.75647897,8.168405,0.0,1.434084,0.0,0.0,2.4167848,0.88163304,3.692048,0.0,0.0,2.1630106,0.0,5.047906,0.59981,3.8678114,2.309459,0.23188773,0.0,0.0,9.891166,5.684384,0.044309117,3.4999728,1.9640256,1.6934824,0.0,0.9178246,0.0,7.6281295,0.813136,0.36791265,0.3121894,4.5923324,2.3613892,1.4852762,8.29326,0.0,6.2143693,5.336941,0.27252775,4.041047,8.889293,0.0,2.30613,10.054521,1.1327233,1.5378554,1.679209,4.2783775,3.11292
CA4DG,0.0,3.669395,2.6397176,0.0,3.6327567,3.9795873,2.2068348,2.9183064,0.0,0.60634845,1.1680576,3.286993,4.998124,1.3121024,0.0,5.551593,0.0,1.2657723,0.48538476,0.0,1.2344115,0.0,0.0,3.3074863,0.0,7.7118955,1.6113291,6.339435,0.0,0.0,5.0135818,1.4429356,0.0,2.6286364,2.8736722,0.6110617,1.769476,2.3211796,0.0,2.8086305,0.95598835,5.3023562,2.2581651,2.5865698,0.3087699,1.6076989,5.6052275,3.8866673,1.6644729,0.0,0.0,2.0036483,2.3419483,0.0,0.6293211,1.1055162,0.0,0.0,0.88667595,7.310643,2.0477774,0.0,4.1336317,2.1792963,3.3001397,0.07038127,0.0,2.3114605,0.0,3.7764914,2.1505427,3.244119,2.2173176,1.5703142,7.1529393,3.7754545,3.8748026,0.0,0.0,5.805729,3.571756,4.2499104,0.0,0.7464506,1.1454301,0.0,0.0,2.7671697,1.3687155,1.2168411,0.2164126,0.9445273,0.0,0.629031,3.3333666,2.0954607,2.8401515,2.2555127,1.5988816,4.0278997,2.4842644,3.495375,4.8573785,5.3703628,3.305127,2.421023,1.0573586,0.33878657,3.0931528,5.0055213,1.7717292,0.5372085,1.2813897,3.2015498,4.881512,2.3197577,1.4077712,5.46452,0.0,1.4047613,2.356647,0.0,2.6106513,2.0520685,1.7280695,0.0,1.6593661,2.9402583,4.8143654,0.0,2.4876099,4.747559,1.3983009,0.3965207,0.8667385,2.8751762,0.0,5.2556553,0.39895812,3.3377912,2.4582207,0.67128587,0.5513376,2.9889271,0.30497164,4.797166,0.0,0.0,0.7906685,0.0,3.4386597,0.735748,0.57089835,0.0,2.9339635,3.5961041,0.0,0.08957061,3.0742486,7.3576684,2.9317245,0.0,2.2706625,1.7375631,2.2098145,0.56721324,1.0988461,0.63484895,2.9522908,0.046608783,0.0,1.2717777,1.3820989,0.23730822,0.0,0.60662156,3.707045,0.0,0.0,0.0,1.5595577,3.3979955,0.0,2.9580474,4.531066,2.6186812,0.0,0.0,1.1661735,1.4300234,2.5841045,2.8575964,1.1862361,2.5181143,3.54284,0.0,0.0,4.621025,0.0,2.1068404,1.3607165,0.0,1.2490375,2.5305588,0.62456566,5.0783434,3.1398613,2.7368505,1.0490913,4.714609,1.7922932,1.7919642,4.3373947,2.4988,3.4985971,1.4453374,0.0,0.28205758,5.9796453,0.0,2.6936707,2.5901768,3.6069703,3.8987522,0.0,1.2140062,6.74252,0.015643623,4.6950603,1.1082308,3.3994768,1.2685314,0.04699436,1.6196253,1.6679089,1.3190918,0.0,1.6296674,0.0,4.411926,1.728701,1.0521398,1.5585074,0.0,0.034504276,2.4093957,0.0,6.5059156,2.2268503,3.5709245,2.5149646,0.0,3.884948,0.0,1.0616046,2.7594292,2.5445204,0.43568295,1.883511,0.8658668,3.268619,1.9664501,1.6352216,2.0368218,1.0793943,0.0,1.7609291,2.1206083,0.0,0.97500896,3.2138383,0.0,1.8931186,0.7165107,2.6915936,0.0,1.865242,3.3289523,3.9375746,0.16680674,1.0530567,1.5477533,0.0,6.9110594,5.4964886,0.0,0.3785113,4.270068,1.6281008,0.0,0.5999445,2.425363,1.2396688,0.07729716,0.0,0.0,5.553905,1.3791014,0.37632346,3.0859816,0.6982701,5.3766794,1.1820191,0.0,2.7950206,0.0,0.31245875,5.2408333,0.0,0.0,7.9360867,0.0,0.79656994,0.0,0.45925602,0.8946216,1.8558615,0.7890894,4.198901,1.549962,4.812025,4.1135945,2.4671667,0.55713993,0.0,1.9269576,0.0,0.0,3.9476192,2.6825674,3.99251,2.1654446,0.9746432,1.280422,0.0,2.8349917,3.1871965,0.0,0.0,1.6104178,0.8958637,0.0,0.0,0.0,0.051421717,1.5285348,2.412214,0.0,1.2723514,2.1788485,5.096543,2.4513838,1.5310364,0.13230681,0.0,9.565866,0.0,3.4420197,0.0,2.18822,0.35988545,0.0,1.7135882,0.8994251,0.0,4.983913,2.4618053,2.8308303,0.52719414,4.639146,0.7419701,5.5451818,1.1141835,4.1572075,1.8858653,6.4539013,0.0,1.5221815,3.9197724,0.0,1.5256056,0.9153993,0.27253145,0.0,0.74453884,1.7147686,7.059847,3.8882437,0.0,1.0911864,0.0,0.6115769,0.0,0.0,1.1690449,0.9972867,1.2936655,0.559979,3.10574,0.0,0.029947378,2.827505,1.1206324,1.3256105,1.8319029,0.45766714,1.208057,3.4404857,2.8802094,2.3493338,0.0,0.0,4.462865,1.2522459,1.558671,0.30479828,1.0406092,0.25797158,2.9237566,4.3686934,1.356911,0.8611877,0.0,0.0,3.0569444,0.7507975,0.0,0.0,1.7026006,0.18716091,2.0705643,0.0,3.2534811,0.0,1.6535151,1.6088854,0.0,2.050176,1.2003639,2.6899872,0.13962069,0.0,0.7483595,1.6450514,0.0,3.0915823,0.0,1.166821,0.0,1.2423968,5.8951483,0.0,1.516061,0.11007103,0.0,0.0,0.26978707,3.184441,0.0,0.0,2.105849,0.0,5.7221556,1.503737,1.2172421,3.3069708,1.077451,0.0,0.0,8.8742,4.8945303,0.28851599,1.8901781,0.63140345,0.0,0.0,1.5379221,0.0,7.502682,0.0,0.6182426,1.2301718,4.595058,0.8574407,2.5765078,7.1725926,0.0,4.7557826,4.2102165,1.3870927,2.5693524,5.895557,0.0,2.8110862,9.608386,1.8878281,2.1725912,1.3890932,3.575939,1.5117252
CA2CA3,0.0,4.851362,1.638196,0.0,4.345966,3.993572,1.5257616,3.233743,0.0,1.0132374,0.5638251,1.237426,5.392673,0.7767071,0.0,6.0926685,0.0,1.6083703,2.2691095,0.0,2.197391,0.0,0.0,3.432439,0.7409389,6.864188,0.9377454,5.1504917,0.0,0.0,4.3662715,2.4152298,1.5045171,0.7736917,3.1264486,1.2321703,2.739367,1.5988084,0.0,3.286371,0.089663625,5.320985,3.1623638,2.207186,1.6413736,1.6136179,4.1333494,3.5912833,1.6359779,0.0,0.0,1.3155438,3.53526,0.0,1.965022,2.0239217,0.0,0.0,0.0,5.8812027,1.0559587,0.0,2.3430219,1.7114028,1.5075952,0.0,1.6152956,1.850266,0.0,2.3982437,1.0021788,3.7744718,3.4427853,1.269705,6.502377,5.055769,3.4142385,0.0,1.2372974,4.424751,3.0312004,4.1431994,0.0,1.0810322,2.1016557,0.0,0.0,3.2868304,0.7256635,1.7532084,0.0,0.25454074,0.6321953,1.7447212,3.2065847,1.4872327,1.5936519,2.0836892,1.0622901,3.699941,2.3055024,3.2089305,5.475641,4.507311,3.9516804,4.540733,0.84726137,0.33745253,2.6366532,2.7471006,2.2289474,0.69058424,1.5129535,3.4425738,5.771505,3.2905996,1.5453722,4.2087135,0.06970191,2.0584445,1.8372021,0.0,2.6093862,1.5721205,0.35587418,0.0,0.6129501,2.2822053,3.8500674,0.20274739,3.351433,4.1593323,1.8231544,0.0,1.2978247,2.1261058,0.0,4.075075,0.41607085,2.2103786,2.3773563,0.8426059,0.0,3.4816372,0.0,3.843476,0.0,0.0,0.8206961,0.0,3.1801026,1.0528504,1.5169705,0.0,2.1620677,3.609446,0.0,0.1445364,2.4480155,6.072749,3.4189084,0.0,1.612141,2.1413293,3.2622597,0.108281605,0.0,1.5644876,3.9939935,0.0,0.0,1.0429087,2.7400174,0.0,0.0,1.8408457,2.123416,0.0,0.0,0.0,0.021351583,3.7092712,0.0,0.9098046,3.368059,0.39165097,0.0,0.0,1.8874508,0.56892,2.0191343,2.75643,0.4524424,2.946385,1.720403,0.0,0.0,4.2230024,0.0,2.0580506,0.76877254,0.0,0.36793968,0.4426477,1.4158739,4.0309668,2.9842908,2.544327,2.7918499,4.4890585,2.0379522,2.6276445,4.566205,1.0083045,2.042645,2.0643477,0.0,0.7256239,6.2726836,0.0,2.807526,3.8717296,3.0269802,2.4047318,0.0,0.53773284,6.1299953,1.0719051,3.8389728,0.0,3.2807257,1.2110002,0.0,1.7622334,1.2986186,0.28182286,0.0,2.6840618,0.0,3.179846,0.82733643,1.4425794,2.1626449,0.0,0.058254104,0.74660546,0.0,4.945489,1.9973949,2.7429554,3.606135,0.0,2.8052182,0.0,2.4206324,3.7369058,2.8445325,1.3364639,1.6248386,0.25242066,2.7460444,2.010882,2.1288517,1.0422695,1.7840872,0.0,0.31944674,2.5110636,0.0,0.0,2.736519,0.0,1.7019753,1.0948231,4.18979,0.0,2.6270058,5.148458,2.9456594,0.19957606,2.2859478,2.2685604,0.0,6.406325,5.227049,0.0,0.023532137,2.7733543,1.0496414,0.0,2.3284602,1.9744039,0.94500613,1.5414703,0.0,0.0,4.444613,1.0575248,1.4378403,4.1316442,1.5425583,6.2659845,0.23132198,0.0,1.6813463,0.9356556,0.0,4.3407526,0.0,0.0,4.9771233,0.0,1.0349431,1.0618601,0.946625,1.350104,2.7631695,0.47485018,4.7178555,0.822378,3.471512,5.8005185,2.5891356,1.4316348,0.0,0.6212559,0.0,0.16230476,3.1777034,3.9655783,2.5928009,1.716111,2.5692534,1.6803256,0.0,2.4606214,2.9670134,0.0,0.0,1.616084,0.42431092,0.0,0.0,0.3862124,0.0,1.2361006,1.0949548,0.0,0.41232297,3.557805,5.5937123,1.8466018,1.6911595,0.8138931,0.0,8.801823,1.9102972,0.9171835,1.9169616,0.70506114,0.714882,0.0,0.98657024,0.48350313,0.0,4.214175,2.9764063,1.8582516,1.4723506,3.0142994,0.6559061,5.827758,0.29599097,3.9265575,0.49809432,5.14114,0.0,1.6077956,3.145584,0.0,1.2877896,2.291411,0.5241635,0.0,1.3488767,2.7965426,5.980863,3.279828,0.0,2.2288609,0.0,2.0700414,0.0,0.0,1.3577952,0.063677646,2.1649594,0.36741155,2.7658505,0.0,0.40385768,2.9382079,0.0,2.2327383,3.3449943,0.0,1.3629357,1.8556358,2.0390332,1.2962214,0.0,0.0,3.4370184,0.0,1.3689708,0.534492,2.20527,0.36514896,2.1177402,4.062881,0.61029035,0.13802794,0.0,0.0,2.6756136,0.47261924,0.0,0.0,1.9002047,0.41706413,0.29186636,0.0,2.1618834,0.0,0.0013489202,0.56581384,0.0,3.002839,1.3775835,2.1749032,0.001306151,0.0,0.11578273,0.15799303,0.0,1.6639196,0.0,2.550114,0.0,1.5655863,6.1557903,0.0,0.53832006,0.0,0.0,2.503487,0.070141554,2.6343477,0.0,0.0,1.1433877,0.0,5.5487404,2.8080769,2.9469538,3.6613138,0.758109,0.0,0.0,7.2594433,5.8912582,0.16502663,2.1012373,1.2278178,1.4400052,0.0,2.331308,0.0,7.2790017,0.026108995,0.15528786,1.483725,4.915218,2.6105628,2.9371934,6.8355064,0.0,3.5712776,3.8403475,0.38323873,1.762443,5.6748786,0.0,1.4198679,8.244248,1.2190316,1.7665291,1.7831604,4.360278,2.9922938
subiculum,0.0,3.5575478,4.6131654,0.0,3.6108038,1.2968178,2.449821,2.2039347,0.0,0.69208455,0.0,1.758052,3.9222984,0.10382144,0.0,4.9662743,0.0,1.6329247,2.1124873,0.0,0.27576643,0.0,2.0611167,2.0028903,0.08096973,5.795506,0.6370911,4.9128594,0.0,0.8674076,3.170989,1.9394257,1.3384857,1.8328365,3.2825687,0.0,3.3593135,2.4271123,0.0,0.7740418,0.44018558,4.587687,0.45602497,0.96428907,0.918966,0.07129199,4.78611,2.5102134,1.1565267,0.0,0.0,0.7354327,2.099046,0.0,0.27652538,2.4566548,0.0,0.0,1.6344076,5.7976747,0.17170857,0.0,3.7735803,0.6557863,3.5563571,1.1738114,0.5009594,1.8397701,0.22337398,1.1230327,2.0405226,1.9632431,1.0979096,0.9569429,4.5469203,4.7778583,1.7597264,0.0,0.4273944,4.2362213,5.2004414,1.2432915,0.0,2.0891478,0.0,0.0,0.0,1.5722951,1.2917877,0.0,0.09701856,0.361269,1.0774249,0.28446746,1.6340408,0.90820354,1.201276,1.8022046,1.4461887,4.038481,0.752249,0.4435112,2.861558,3.5189931,3.4384594,1.9298226,2.0876079,0.18561651,0.0,5.133809,2.3060322,2.0027838,0.77291703,1.4263716,5.1658974,1.3278842,3.2491286,4.206574,1.4003743,2.1505237,3.178354,0.0,0.43079883,1.2405816,1.1123567,0.0,0.37957424,4.750362,2.8610296,0.0,2.3679051,3.330748,0.14129809,0.3602564,2.426457,3.6130755,0.0,4.6724653,0.1217163,3.407116,0.9778203,1.3449339,2.011069,0.69675165,1.0837533,1.6890947,0.0,0.6138177,1.4833567,0.0,3.9909308,2.4551153,0.6774124,0.042417362,0.5916553,3.0593534,0.0,1.2349544,2.568534,5.4244566,1.179063,0.0,1.8962358,3.0352135,1.2896943,0.72224677,0.3865358,1.1673213,1.4181443,1.7025572,0.0,0.33944556,0.0,0.0,0.0,0.20797059,2.0946515,0.0,0.0,0.0,2.0596402,4.549385,0.0,1.8951378,3.6878474,1.7954414,0.0,0.0,2.1981964,3.5192142,2.0043473,1.2800434,0.9224825,2.7513168,2.2483687,0.0,1.1588469,5.5878916,1.4588101,2.210981,0.871368,0.0,2.1918674,4.1895175,3.2029805,2.0028355,2.249573,3.2455182,1.5733681,4.087102,1.5762215,1.4139796,3.0134997,0.8445187,1.7064934,2.268641,0.0,2.9198492,5.398481,0.0,1.7014946,2.7606075,3.0016842,3.0586872,0.0,2.4036376,4.918061,1.8435694,3.1859596,1.1001704,0.85343736,1.3167628,0.0,0.88506263,0.3994327,1.1407557,0.0,0.0,0.0,2.4874318,1.204442,0.123624444,0.46444547,0.0,1.0288376,1.173686,0.75892633,5.6131163,0.41619045,2.657119,3.2420468,0.0,3.0752203,0.0,1.7437836,3.4410522,2.5711205,3.182355,1.5997778,1.7410064,3.1474137,0.3682441,1.8284276,2.7847471,0.6958178,0.0,2.360404,3.6835642,0.0,1.8705308,3.4961774,1.6139148,2.1027403,0.10751203,2.954648,0.0,2.68358,2.0769494,3.5198634,0.42971697,2.5182323,0.16928266,0.595436,5.1528683,3.7074747,0.008362632,0.6552031,2.1676133,0.6129727,0.0,0.0,2.4888597,0.087645054,0.0,0.0,0.0,4.552701,2.4426477,1.410297,2.7776508,1.035115,3.6335247,0.43646652,2.8786767,1.6450112,1.2266479,1.6888576,3.278764,0.0,0.45752957,5.919461,0.0,3.028487,0.8852658,0.06865531,1.0193257,2.9997144,2.3871472,3.1589897,0.95899653,2.9780693,4.692266,0.41369233,1.4017572,0.0,1.6722894,0.0,0.0,3.9696476,2.749958,1.9122539,2.9571393,0.6384596,0.94935346,0.0,1.1178122,1.1872108,0.0,0.0,1.6806808,1.2922192,0.0,0.0,0.6960355,0.49938777,1.0767345,3.2967165,0.0,1.3132915,0.30912036,4.7348356,1.791951,2.7987273,0.15659131,0.45680222,6.015294,0.719932,3.3759193,0.6280298,1.1159588,1.0838617,0.0,0.31424895,1.4845456,0.0,3.8714328,1.8095157,2.643795,1.3371427,4.4664307,1.1334739,3.9794188,1.8171214,2.0203195,1.6645731,4.1507096,0.0,1.6306455,3.847317,0.0,0.21679282,0.40818325,0.8680996,0.0,1.4865646,3.8155646,5.2402086,2.2618797,0.0,1.4673074,0.0,0.67305255,0.0,0.0,2.233769,2.0415745,0.3763817,0.0,1.2554388,0.0,0.0,2.2727842,2.8622854,0.38029394,1.1791052,1.3874031,1.5114732,3.2795842,1.4418168,1.3312994,0.40364128,0.0,2.2217019,0.0,0.0,2.2098656,0.25504676,0.90744567,2.900722,3.0825021,1.1531191,0.7582425,0.0,0.0,1.6541389,1.6275287,0.0,0.0,0.0,3.1252136,1.2501472,0.0,3.5168576,0.0,2.7305624,3.164726,0.0,0.47857746,0.6214144,0.2293209,0.0,0.0,2.3968694,0.96221447,0.0,2.1768405,0.0,1.8476366,0.0,1.9313459,5.9418945,0.0,0.69162923,0.85953856,0.0,0.83705705,1.4459813,2.435882,0.0,0.0,1.1582687,0.0,4.2574806,0.0,3.5214803,1.2475343,0.011812031,0.0,0.0,7.0487804,3.169291,0.33693275,1.1312957,0.6599357,2.0745914,0.0,0.32102725,0.0,6.298596,0.72844684,0.76135784,0.61641353,2.476483,1.384983,1.3284703,5.0090833,0.0,4.168902,3.2735786,1.0941883,2.3824906,5.172107,0.0,0.9812839,6.7557125,1.028662,1.67745,0.06960696,4.49569,2.2261505
Claustrum,0.0,6.7211823,1.804392,0.0,4.597576,2.7356167,1.4747119,3.6312778,0.0,2.2250757,0.4528746,0.0,5.752682,1.0522344,0.0,4.7114296,0.8223277,0.39278945,5.3152013,0.0,2.0059953,0.9988547,0.0,3.9796655,0.9265742,5.137671,0.0,0.47303966,0.21565063,0.79405993,0.037542418,2.0937781,2.407383,0.0,3.143877,0.0,0.33702698,0.0,0.0,1.8527871,1.6683822,5.0164533,4.7707043,0.84333426,1.0385495,1.8446977,0.0,0.27730617,3.5095086,0.0,0.0,0.0,3.5954387,0.0,0.19948627,1.3770269,0.0,0.47969103,0.0,1.8346657,0.0,0.0,0.0,3.0108993,1.3931185,0.0,0.99405587,0.52897835,1.0201758,1.1167153,0.646356,5.1995873,1.1549276,2.0082195,3.2902756,5.1208467,3.1140175,2.574531,1.7865014,3.458366,1.2131071,0.5545444,0.0,0.9900217,1.5140893,0.10986601,0.0,1.1670537,0.3975083,1.9957436,0.0,3.0841322,0.0,6.0363655,4.521629,0.3679054,4.3430924,2.5046816,2.84223,2.9473362,1.5213356,4.199601,1.9898299,0.19092032,4.750492,5.2455254,1.8019648,0.9999287,0.75816756,0.0,3.3504603,1.2894877,0.74909854,1.9530543,6.1397834,2.6060326,1.2603846,0.82209426,3.7602997,0.3424998,0.005193282,1.1144441,0.0,1.6345634,1.2871678,0.9978943,0.4020308,3.677817,1.7104416,0.0,6.4737897,1.1189736,1.3766807,2.0824897,1.2142942,0.0,0.0,3.5697477,4.3349137,1.582448,1.9434303,0.56208104,0.27776018,0.8307385,0.67573065,2.892991,0.0,0.0,0.6274345,0.0,0.69081235,0.0,0.0,2.2716901,2.7977767,7.7864904,1.9078205,2.6741264,1.9235835,2.4549642,1.4408925,0.0,0.784358,2.495343,3.3631773,1.5035889,0.0,2.8934453,4.5157833,0.35831442,0.32745504,2.1552858,6.2206454,1.1864195,0.0,1.5544503,0.39308786,0.0,0.0,3.4042695,2.6178987,4.830786,0.0,0.15074123,4.2263937,0.08567634,2.8838394,0.32589012,4.2332788,1.1520734,0.95724493,0.9837363,0.81417465,1.5378118,0.0,0.0,0.8125905,0.7975265,2.6464942,0.26152292,3.412971,0.56001973,1.810818,2.6228452,3.9029412,3.0522282,1.366244,0.5407385,3.316374,0.8494815,2.852896,0.79796755,0.21978933,0.0,0.0,1.3100952,1.3954991,2.115041,5.253926,0.0,1.4471623,2.610298,0.2058595,4.1121597,0.30699593,0.0,1.1130913,1.5112216,0.85404426,0.1849541,2.5892558,0.53207886,0.30937535,1.1158062,0.97108525,2.2750077,0.0,1.5204908,0.0,2.5996463,0.0,0.72460544,1.2345724,0.0,1.0267909,0.0,0.0,3.5569594,3.3324723,3.4031255,2.6423905,0.0,0.0,0.88747984,2.375305,5.1815653,1.3202472,5.2573204,2.9008677,0.30325425,4.886912,2.5223043,4.201808,2.0713754,4.06756,2.088632,0.12653191,0.82466596,1.1526349,0.0,5.3796163,0.0,3.3969862,4.3355494,4.180072,0.361733,3.0159843,6.4008603,0.6535428,0.0,0.0,2.0027988,0.0,2.8802907,4.787179,0.7402861,0.92505884,0.48498467,1.9632654,0.0,4.374879,3.494022,3.8458087,1.8432715,0.0,0.0,4.331858,1.9186641,2.8133562,3.6719987,1.3726906,4.0692234,1.7603037,0.0,1.3317266,2.9967754,0.0,4.566028,0.0,0.0,2.192546,0.0,3.9296174,0.32386386,2.1094966,3.3129244,1.7075137,0.0,3.7658088,1.0149643,4.9501514,3.8501704,4.3335776,6.2905374,0.0,0.0,0.0,0.0,0.29229128,2.775503,0.64532083,1.876822,3.0366971,2.8678262,0.1478577,0.0,1.3421296,1.1235125,0.0,0.9500398,3.3084118,1.1509691,0.0,2.138598,0.0,2.9105744,1.352533,0.0,0.22723696,7.543026,2.6194365,2.4155374,5.1839867,0.07041115,1.3024933,4.2345243,3.1194654,1.941363,1.746922,0.0,0.46310282,0.0,1.3641845,0.0,0.0,0.0,1.6020987,0.40345663,1.538631,0.42241472,4.6182833,4.2234764,1.506099,0.57378346,1.4181852,3.8040297,0.0,4.0274625,1.8582325,0.0,1.6061388,1.4244995,2.1574287,1.4065291,1.4725177,1.0327138,4.5504713,1.9534843,0.0,3.0952165,0.0,2.2754362,0.0,0.60535693,1.8627864,4.2298684,3.7025027,2.0385454,0.7058237,2.860316,0.8717958,2.855301,0.734503,0.45320338,0.09896326,0.0,2.001617,2.0916066,1.2905028,1.9704132,0.9801389,0.0,1.1645122,1.3189628,0.44806817,0.86758393,3.7785797,3.6721113,2.3606937,3.6230428,3.747698,0.91038954,3.199953,0.0,1.3045055,3.4080775,0.28207156,0.0,1.8402759,2.3231325,0.0,0.0,0.96657103,0.0,1.3678052,1.3768499,0.30132285,4.5409894,0.006726618,3.0738692,0.994225,0.010552244,2.652281,0.0,0.0,0.2582139,0.0,3.9314084,2.1886134,1.3166815,4.034852,0.0,3.0029104,2.3422463,1.0704888,2.4351568,2.5635405,0.6697858,0.7274373,0.0,2.6604226,0.0,0.0,2.238042,4.5172477,0.31123194,0.6357113,1.925383,0.0,3.5096402,2.0310595,0.8618257,2.8622622,1.7314587,1.9647684,0.0,1.9475323,1.8122802,1.2559159,2.5872805,1.1434044,0.47182265,1.7498068,3.47251,0.63981026,0.0,0.0,2.422367,5.181555,0.0,0.0,2.2508345,0.0,0.0,3.5548794,0.57727283,1.2633157,2.0565736,2.148129,2.5562851
head of caudate,0.0,2.9280984,1.6875684,0.0,1.9952495,1.3400718,0.2581404,3.4900496,0.0,2.4698102,0.32197553,0.4150681,3.5950947,2.6214392,0.0,2.6293275,0.9872693,1.4705652,1.9354502,0.01595827,0.24324986,1.2240767,3.4770403,2.2209027,0.29811952,2.611105,0.0,0.25860205,0.015892072,2.7895832,1.2131535,3.8397548,1.866828,3.1221647,2.0975003,0.0,2.369649,2.9017859,0.0,0.8542417,1.9465469,2.772832,0.2166933,1.5794424,0.6250866,2.0164444,2.2478402,4.3023453,1.1985203,0.34083682,0.7670668,0.0,0.0,0.0,2.8453958,4.2909627,1.7837007,2.5578709,0.0,1.3281372,0.0,3.211749,1.9842151,3.1698544,4.619499,1.3623233,2.6390114,1.1134806,0.0,0.84538853,2.069009,0.0050072614,0.28291368,4.0477147,4.335167,1.488778,1.3184328,3.4650497,2.9079685,3.4275396,1.33419,0.76485413,0.5328787,2.6144805,3.32764,0.0,0.0,0.9083425,0.81370354,1.5717655,0.23324227,2.1737208,3.0204992,1.3104854,0.3271281,0.29500705,0.75592506,0.0,1.6604637,1.8437129,2.6394472,1.6216325,2.8512824,1.4842485,4.199779,5.929723,4.2410107,1.8700155,3.6540296,0.0,4.7838573,2.929506,0.0,1.2404352,3.3315196,4.412038,3.0515635,2.1937654,2.995916,1.493045,2.506154,1.5847582,0.0,1.2258228,2.4872844,0.9535258,2.147404,3.3248975,1.9497088,1.2166246,3.4687395,1.7220161,2.4899924,0.0,1.4466573,2.298987,0.0,0.7004927,5.038384,1.8170582,0.6989992,0.62875885,3.209945,3.8487735,2.0908859,1.4878592,2.4058506,1.051876,3.1615174,0.05679111,2.626456,0.20760551,0.0,3.3032892,1.5243913,5.416279,1.661726,2.439026,2.2380314,0.7964879,4.1706643,0.0,3.4852548,0.8142017,4.5354414,0.69768727,0.10147472,0.24935062,2.0343223,0.089100696,1.5727227,0.41263768,3.3516243,1.1183279,0.0,0.6164215,4.057014,2.4349277,0.0,3.5782075,4.2432175,0.642019,0.0,4.5337048,0.22400278,1.0870209,2.5736308,0.834821,3.383979,2.6546106,0.85983837,0.3398756,0.0,1.6034923,0.0,0.1737271,0.0,1.5250064,1.2574984,4.010611,1.626974,3.0323439,0.4053827,2.4675293,0.0,2.4164085,2.9223044,1.9076968,2.6265986,0.91832936,1.230317,1.7038246,0.41235745,0.5975211,0.0,2.788248,3.0985293,1.8592576,3.0420103,0.31180227,1.9445397,4.874537,1.1671718,2.3580096,1.4301476,1.5640602,3.0112472,3.7435486,0.0,3.8060625,0.0,1.2843156,1.4102004,1.5493008,1.570305,1.1258712,0.0,4.480388,0.0,0.0,1.7965999,2.778438,2.2605236,0.86092097,1.5367799,1.0272223,1.7226604,1.2133408,1.4622474,0.90716976,2.4785874,0.0,0.46013528,3.2663846,2.794518,1.6731242,2.0640116,3.216561,0.517253,3.1032803,5.238375,3.9307532,0.44677085,0.63333404,0.70733666,0.66336113,1.078882,1.5194998,1.5781727,1.2666712,3.920541,0.8256033,2.544371,1.1847358,4.948621,1.3443267,3.220309,3.0497348,2.73857,1.128343,0.7370274,3.5144272,2.345776,0.0,1.9387096,1.7148858,1.829187,3.8883908,0.83983046,0.0,3.667262,4.4065084,3.1837366,1.5316242,0.0,0.0,2.013065,4.314978,0.67988724,1.964502,4.0013027,1.8627692,2.5814328,3.7861404,3.726047,1.589464,0.0,2.64892,0.0,1.6012586,0.0,0.0,3.1903915,0.7028944,4.6528277,1.209507,1.9384062,3.6375604,4.210342,1.8557795,2.0947242,0.88297546,3.4898825,5.2675357,0.32417816,2.3511567,0.0,0.40612978,1.2831193,0.53513384,1.0652887,1.3019994,1.3803247,3.0087128,2.5509684,0.0,3.4056191,0.2070638,0.0,0.57659215,1.1976309,3.8909557,0.0,1.7930056,3.7476583,0.3475289,2.6229014,0.47203416,0.08347068,2.3384666,1.9719533,0.9183383,4.5770974,0.0,4.076746,0.4950239,2.9108672,1.6438309,0.3471819,0.56056887,1.2918454,0.0,0.9003456,4.0098577,1.4168541,0.565495,3.8049238,0.5698095,1.7681072,0.08033998,1.8991277,2.854988,0.6887016,0.0,3.065076,2.1508121,0.0,4.8245506,2.633988,0.25730723,2.2949808,1.686183,3.2598295,2.6000042,0.52817,0.0,2.8294106,3.0032387,0.0,5.2821836,2.3464408,0.0,0.0,2.4163597,3.85532,2.6325562,1.9461279,1.0722381,2.2099054,3.2137845,0.0,2.2676644,0.13646597,0.9234092,0.0,3.2904763,0.0,0.0,2.6058784,1.7331938,2.5140376,2.5889072,2.075168,0.22670296,0.9720009,1.2670075,1.8841372,2.0889888,1.4498937,0.7722314,2.3728716,0.0,1.7965746,0.0,4.519869,4.313625,0.8133446,0.66393715,3.0197794,2.913447,0.0,0.6375707,2.7557633,0.0,3.499724,2.6171646,1.7147319,5.4274907,0.0,1.4291562,1.3292739,0.99883527,4.1887665,0.0,1.9773966,0.0,0.0,5.876214,2.0816386,7.217974,2.2170882,0.0,2.7767823,0.5780995,0.39275536,3.096529,2.6521416,0.0,2.8582919,0.0,1.1297469,0.0,3.5508342,1.6297244,1.0677973,0.0,2.2470882,0.35148147,0.0,0.7059168,0.3582452,1.0428041,0.63748467,0.024574548,1.7389671,1.8119844,1.6037761,0.28143147,3.5668554,5.237727,1.7784821,2.8609197,0.44361934,4.0776978,2.757845,0.99230725,0.49236897,1.1229949,1.9969757,0.44036335,1.1761411,2.8720396,1.7520461,3.0083337,3.4084666,0.24520187,1.9100528,1.5571334,4.974386,2.1862636
body of caudate,0.0,2.8930964,0.18113884,0.0,0.020165883,2.2657285,0.0,3.906971,0.0,1.5039539,1.2431889,0.94842917,3.1597834,1.2246827,0.0,3.769224,0.9772705,0.85319334,1.7002125,0.0,0.26890558,1.3542132,1.3185111,1.5049415,1.1076794,4.2734275,0.0,0.89574957,0.0,0.43540728,2.5691402,3.534798,1.4285476,3.9435418,1.8228246,0.0,2.4866214,2.2314792,0.0,1.1475325,1.8983613,1.9660218,0.0,0.8229353,1.6539323,2.1179883,1.1119689,2.3547096,2.6980388,0.0,0.0,1.4485193,0.2897053,0.0,3.6583602,4.7306924,2.49079,0.0,0.0,1.5653713,0.0,1.5365431,2.04645,2.769698,3.2848752,1.0089641,3.5191565,3.4599571,0.0,3.8437364,2.6947083,1.5178324,0.5090934,4.104829,3.151223,1.6001264,1.1954377,1.9678603,1.7959248,0.0,1.5149493,1.6643221,1.5822786,2.914431,2.7488332,0.32254118,0.0,0.8030261,0.0,2.0802708,1.9919116,2.5124266,3.9349773,3.4410632,2.258623,0.19394867,0.5774919,0.08249982,0.46729237,1.6716577,1.857485,1.2726668,2.9699404,1.6043931,2.5115945,3.9262953,3.0312216,1.2709045,2.665434,0.0,2.522601,1.5314578,1.8874879,0.32718766,2.3178825,5.073537,0.0,0.41598427,2.8046937,1.0182651,1.2275035,2.2782145,0.0,0.83901817,2.1226237,0.5481689,1.827256,0.0,2.70412,0.8743529,3.0346663,3.416689,1.0442811,0.0,1.0985389,1.1821557,0.0,0.4402547,3.1173809,0.0,1.4041116,0.0,1.1738646,2.860362,1.158519,1.6872339,2.3266742,0.0,0.6964984,0.0,3.2374434,0.23504391,0.46918023,1.8626305,1.8175988,4.922837,2.857841,3.1172998,1.827257,2.0594208,5.3581653,0.0,1.8263391,2.388188,4.153516,0.82488185,0.2159936,0.97968566,4.179597,0.0833256,0.8992501,0.50539684,2.37608,0.0,0.0,0.0,4.2689066,1.3323567,0.0,1.3483356,3.518231,0.21681108,0.0,4.0719724,0.5130734,0.82204926,3.15645,0.27816957,2.7001574,0.8089303,0.0,0.52422243,0.15615436,0.5153884,0.6689496,0.76442933,0.0,2.9606712,2.4331062,3.125539,3.8806257,0.32193696,0.90197617,1.3467116,0.888693,3.8285704,3.5441482,3.5389364,0.18050686,0.0,0.834937,1.2993414,0.96048075,1.181757,0.0,2.8452103,2.2257917,1.09925,3.9462597,0.35087657,3.1797967,4.843212,1.5632969,0.68796706,0.4348699,1.4686677,2.9057171,1.8412908,2.3652198,1.8163601,0.85442734,2.0157382,1.3838639,1.403219,2.3738003,1.7821646,0.5586982,3.7437794,0.15355724,0.0,1.2244756,3.0943418,2.172412,0.19409429,1.6091123,2.1265242,3.2113366,1.4840314,1.1506894,0.14654326,0.49371877,0.0,0.0,0.18513986,4.3054757,2.9839458,1.8068565,2.2328582,2.1965497,3.5842736,3.2611012,0.7671619,2.1079419,0.8221423,1.1512215,2.0538037,0.19863746,0.75235724,1.3442962,0.0,1.2578591,0.12567936,1.8175936,2.2091308,4.513001,2.4710004,2.2625167,2.4635773,3.4305575,2.4388318,1.1336278,4.13089,3.221521,0.120584816,2.7098083,1.3304929,0.53984785,5.9829097,0.45147216,0.0,2.9067893,4.867428,0.31654054,1.134236,0.0,0.0,2.7989364,1.8420541,2.1722472,3.6506522,1.7227935,2.0914047,2.9929018,3.5015168,4.050037,2.2421222,0.0,3.4988015,0.0,2.4633672,0.0,0.0,1.1477937,2.8295531,5.4228196,0.03783405,2.482843,2.0131602,3.7729375,0.32787132,1.874429,2.295997,4.2080455,7.0694776,0.0,2.019044,0.0,0.6220167,2.5046158,3.0714507,1.102758,1.5942359,2.1216416,1.9180449,1.6045045,0.0,5.2154145,0.31977364,0.6295117,0.0,0.6120089,1.4734634,0.0,0.92996734,3.2774262,1.7564443,2.2493856,0.28664684,0.27693823,1.8419001,0.006222821,0.26107004,2.9077518,0.18974556,2.4559467,2.461504,3.1888194,1.5065984,1.0128484,0.6855888,0.8532655,0.0,1.6002908,1.6704935,1.945159,2.1591856,2.2207594,1.7746416,4.736818,0.26552802,0.37105706,2.7235188,0.01643863,1.4653689,1.872328,2.5873618,0.0,4.689999,2.5349083,1.6020167,0.48520234,2.7471533,3.6561525,1.1847014,0.0,0.0,4.2256255,1.2118107,0.0,3.1775668,2.4182143,0.0,0.0,0.4591898,1.9412024,1.6572622,2.6250396,0.5213378,2.9043977,3.7478585,0.0,0.9571171,0.47799397,1.797619,0.5282165,3.1939836,0.84201884,0.0,1.0411816,1.5337684,1.2577976,0.48048183,1.4676131,0.0,1.7722454,0.0,1.4019451,0.8783789,0.6762316,2.3533638,3.0415215,0.0,1.6531504,0.0020818692,4.903063,5.150883,0.9210206,0.73248535,3.8630912,1.2891967,0.75156534,0.0,2.6196988,0.0,2.4307795,1.7233714,0.36893314,4.559527,0.0,3.1467814,0.7149404,0.620555,2.4894629,1.1713578,0.0,0.0745662,0.0,4.620463,3.7312708,4.276606,2.4328454,0.0,3.1868646,1.1931607,0.0,2.8934832,1.9328451,0.6052361,1.8235636,0.0,0.5353018,0.0,3.146808,0.7933352,1.014977,0.0,1.8516923,0.0,1.6995155,3.4310343,1.0450104,0.36753654,0.08442481,0.652112,2.2255013,1.78519,0.91978943,0.0,0.8175352,5.119725,2.1336315,0.7002104,1.0393821,5.6041803,2.1046083,1.6215303,0.0,1.1351376,1.6282091,0.06682669,0.8317964,3.6563745,2.5378127,3.0712914,4.583335,0.37117392,0.0,3.011614,5.189883,1.4007962
Putamen,0.0,4.031006,0.0,0.0,2.2460074,1.4781097,0.0,3.084389,0.0,2.4597752,0.9122292,0.0,2.7029464,1.3907143,0.0,2.0203125,1.6283176,0.37860197,1.9348189,0.0,0.7884638,1.4204829,0.655378,2.0039573,0.5330733,3.3061154,0.0,0.0,0.5679182,0.7302857,0.5043967,2.649667,1.4472132,0.8894841,0.67425627,0.0,0.5801911,0.7398975,0.0,1.4279569,1.355348,1.7871213,1.1139599,0.59048426,0.45665276,3.3416936,0.62242085,0.3276624,3.0764427,0.0,0.03097795,0.0,0.6189545,0.0,1.6822653,1.6595615,0.5725798,1.302071,0.0,0.52035636,0.0,0.28791893,0.2028599,1.8925142,2.7542667,0.3286855,1.139844,0.5687858,0.0,1.6970172,0.31731787,2.078568,0.35943857,4.1462493,2.0559406,2.2748454,2.2608662,2.4417481,2.5609457,1.6028396,0.0,0.35599333,0.0,1.3719597,2.5638304,0.30180424,0.0,0.82355905,0.59735245,2.1126318,0.2960895,2.5838828,0.0,4.7545543,1.5726745,0.10766359,2.226619,0.0,1.7519002,1.706954,0.743852,3.009586,3.0718322,0.07141021,2.549481,3.8612673,1.3439093,1.0790684,2.4754617,0.0,1.8956796,0.958138,0.706745,1.2002364,2.5710287,3.3497157,0.0,0.0,2.3370485,1.3891262,0.39662635,2.2425866,0.0,2.0297773,1.4302216,0.9346776,1.42405,1.3239058,0.8748957,0.5791971,3.2492008,1.0221596,1.4696649,0.0,0.8932519,0.5874794,0.0,0.57337755,3.391397,1.4015542,0.7575518,0.0,0.58934355,1.4118226,1.2657865,2.4795449,0.36417398,0.0,0.10815139,0.0,1.0153146,0.0,0.0,2.3391187,2.230977,5.778137,2.833865,2.5711763,0.764757,0.51991475,2.2337184,0.0,1.0235955,1.4366179,3.3277607,1.9874947,0.0,1.7723271,3.5185475,0.0,1.7244449,1.4829645,4.326929,1.1955438,0.0,0.03926654,1.7808359,1.2270514,0.0,3.4460068,2.8764691,0.5432493,0.0,1.9850167,0.39970762,0.0,3.4117763,0.04668291,3.055897,0.16180044,1.2582555,1.0146796,0.992797,0.14955871,0.0,0.0,0.0,0.0,1.8135426,1.3263578,3.4484518,1.6285911,0.19496469,1.1859411,0.9626319,2.1848733,1.5341539,0.16630699,2.479694,0.041593425,1.5115112,0.29856104,0.037351467,0.426197,0.0,0.8883995,1.8555065,0.67928004,2.803952,0.6720474,1.6951708,2.5181954,0.38536534,2.8040423,0.0,0.0,0.958076,0.7693967,0.0,0.7123145,0.82292426,1.2515885,0.94376975,0.5594278,1.1366906,1.43706,0.0,2.953085,0.029824175,1.28453,0.4067701,1.535841,1.4118403,1.2826418,0.4640436,0.3091027,1.198961,1.8023908,2.4325786,1.0388935,0.26536384,0.60138965,0.0,0.8115923,1.9930446,2.7167027,1.678596,2.2316878,1.5631905,1.0529342,3.4643178,2.8447232,2.0318365,0.9242275,2.2659962,2.6524181,0.0,0.08235287,1.4022372,0.0,3.0575953,0.0,2.324076,2.9014995,3.3747854,1.9523679,1.9311063,2.5850208,0.40461352,1.6860557,0.0,2.6068442,0.07601069,0.28627688,2.766937,1.5486481,1.2305565,2.8955567,0.7715798,0.0,3.5215845,3.191073,3.681122,1.7925465,0.07634306,0.0,2.095328,1.8660477,1.7521759,1.7377431,1.6440393,2.8533056,1.6535954,0.6427347,2.3964868,1.5371699,0.0,2.6690788,0.0,0.73357654,0.0,0.0,0.9435565,1.2142447,3.141961,0.7698095,0.0,0.14186215,4.2619996,0.57380456,2.6831465,1.5397643,3.7474613,5.2126985,0.0,1.0166881,0.0,0.3612993,0.07419242,2.0366278,0.35267767,0.40971643,1.8616086,1.6779126,1.2133383,0.0,1.9039441,1.0557188,0.43615717,0.0,2.2454727,2.3182783,0.0,2.175447,1.2046901,1.8514681,0.25977314,1.003661,0.14217135,4.846971,0.65205026,1.0593977,3.2473676,0.0,1.6324376,1.7484901,2.4547653,1.24604,1.0617375,0.14048484,0.620631,0.0,0.7984048,0.34247145,1.3584356,0.0,1.2923716,0.3093386,1.8983481,0.0,2.1523986,1.5745381,0.0,0.0,2.1234548,3.6247504,0.55568177,3.1503856,0.50451183,0.16515978,1.5314537,0.6186247,2.3547273,2.250889,0.95002085,0.0,3.8964996,2.5747736,0.0,1.6778444,1.5100695,0.0,0.0,1.8621002,1.6341089,2.565479,2.431324,2.1196318,0.91582364,3.1782534,0.0,1.0969691,0.0,1.6377747,0.0,1.9814225,0.2442584,0.0,1.7363096,0.8665191,1.2625602,0.55391556,0.79870826,0.141156,2.0818655,0.0,2.9149902,2.7194123,1.5547769,1.8193532,2.3864894,0.2089909,2.188247,0.2218867,4.0121255,3.5049732,0.9227094,0.0,3.406674,1.740099,0.0,0.0,0.2757034,0.0,2.2842004,0.81412727,0.7727315,4.903001,0.0,2.7607274,1.7132114,1.1365702,2.1300228,0.0,1.3957423,0.4648476,0.0,4.159726,2.7999132,2.1285994,0.9126186,0.0,3.582164,0.7735872,0.0,1.1314117,1.342841,0.48788357,0.81536037,0.0,2.4129727,0.0,0.11086975,2.077677,1.1700993,0.0,2.3665898,1.4220212,2.306012,1.0553156,1.29023,1.6349915,1.6091268,1.2758375,1.5284957,0.9667704,0.50369406,0.84960705,0.0,3.4355538,0.78445274,0.07894787,0.8083661,4.2728376,0.31678155,0.0,1.4754819,1.6315652,3.1982937,0.0,0.0,1.8821155,1.2196684,0.49737215,1.8892314,0.8576161,0.14595474,1.769155,1.9498328,1.2580775
posterovemtral putamen,0.0,3.2625,0.83294505,0.0,2.8590517,1.1242173,1.4700994,1.2781403,0.0,2.144249,0.5878801,0.17078479,4.546753,1.4720968,0.0,3.3435671,0.0,1.1556553,1.9099858,0.0,3.2276702,0.1781707,1.6603384,3.4596364,1.1094306,2.404145,2.4707944,0.67180544,0.08008514,0.8540383,1.508526,1.7279577,2.3394372,0.0,1.3111353,1.4525169,0.7796748,0.0,0.0,1.6522838,0.105569005,2.9853692,2.2625973,0.6614423,1.3843529,1.9865081,1.8555803,0.5732829,2.226929,0.3060819,0.0,0.0,2.9583347,0.0,0.0,0.0,0.0,1.1012799,0.037171733,1.1995636,0.8294132,0.31705233,1.7482188,0.6237362,0.05516739,0.0,1.7161286,1.4827328,0.3074967,0.5146275,0.7276846,2.0311718,2.4810908,1.3607304,2.9112816,3.3665595,2.4719849,1.370377,0.098768294,4.6922913,0.5796225,2.6711745,0.0,0.0,2.3183978,0.0,0.0,2.2191517,1.4292693,1.8898923,0.0,1.3829504,0.0,1.4190236,2.0943882,0.44383845,1.972756,2.4650233,2.9479692,1.1367989,2.3822036,2.3092372,2.6485791,1.9865577,3.120941,3.548314,0.57598716,0.53585184,1.485601,0.0,5.0450077,1.2357272,0.11028579,3.8906877,3.3844142,1.3841851,2.0850403,3.3862004,1.434191,0.7663472,0.64943236,0.8188922,0.0,0.9256803,0.58052003,0.0,1.0333261,3.028128,1.1598773,1.0548486,3.5805616,2.4104393,3.1120925,0.398577,0.69576526,1.3929433,0.0,2.1133242,2.298246,3.2689686,2.5801303,1.3082408,2.8709695,3.947401,0.0,2.2537873,0.0,0.6571281,2.1172395,0.0,3.440977,0.58381337,0.28994584,0.81776357,1.5809318,4.5748835,0.0,0.23649529,1.263569,3.465295,1.2557414,0.0,1.1530675,1.1395671,4.5639777,0.0,0.0,1.0257456,2.9182436,0.0,0.054921176,0.90978515,4.7773356,2.465576,0.0,2.562701,2.8857503,0.4706726,0.0,2.4814644,0.32926595,1.3259526,0.0,0.8025032,2.2194033,1.0189024,0.0,1.2720948,1.4431757,1.1167278,0.096143186,1.5945508,1.5925744,0.68296593,0.6498026,0.0,0.0,1.8677998,0.0,0.8266811,1.6509088,2.447641,0.74027425,2.108511,0.0,0.34684145,0.6963702,0.044704065,5.154008,3.280499,3.0579374,1.015602,0.50477993,0.26079434,0.7839554,0.90311056,1.6120275,0.0,2.6635623,0.0,0.44125763,3.1867878,0.8993005,4.2526712,1.1588222,0.5129628,2.8891783,2.286356,0.40162158,2.2490094,2.6146152,0.0,0.9904441,0.567392,0.31267765,2.2421975,0.0,0.76726055,1.0066913,0.91989684,0.42944992,0.48027718,1.3825922,0.093955465,0.84786355,0.82602626,0.0,3.225906,1.9207174,4.343996,3.069913,0.0,1.4731292,1.9094987,0.37595212,2.2700014,2.5031652,1.8747853,2.075522,0.102618225,2.5480497,3.4639895,1.2905544,0.44718668,0.9290432,0.0,1.2228417,0.91674894,0.0,0.7813244,4.1757345,0.14445427,2.438803,1.6405456,3.568346,0.0,2.1471434,5.212524,1.106464,0.1231973,0.0,0.551922,0.0,2.6419365,2.8322344,0.2842554,0.0,1.5549543,2.5252807,0.0,3.0449324,1.1557716,3.5539007,1.8117437,0.0,0.0,2.363563,2.8299704,0.15160708,1.8443664,0.5053045,3.6770298,2.6145313,0.0,1.2364448,1.2631922,0.0,0.8749767,0.0,0.0,0.994589,0.0,3.3236854,0.5888257,1.0976825,1.499228,0.47378942,0.91785365,4.282106,2.3922048,2.6015449,3.3778298,1.615046,0.7867023,1.3561696,0.48317608,0.0,0.0,0.0,0.08629839,2.3381536,0.7627224,1.7694428,3.8092558,0.38154003,0.0,0.6461505,1.0550004,0.0,2.3025665,0.9830641,0.78894633,0.0,1.14943,0.34170672,0.6362825,2.1375463,1.3332938,1.0969435,4.1432486,2.6566255,2.1724024,3.3749,1.8470416,0.0,3.2260094,2.0351634,0.0,1.8539991,0.32482687,0.8906423,0.0,0.18553524,1.0926957,0.0,0.17656326,2.184956,0.13242988,0.99331427,0.35281867,3.9679995,4.652713,0.80067134,0.49550906,1.4176451,1.7648883,0.0,2.0199018,2.46769,0.0,2.6554434,1.0592599,0.0,0.7542167,1.8736678,0.32754377,0.8546284,2.4467328,0.0,2.3487568,0.29213983,1.0001769,0.0,1.9106358,2.1242318,1.204573,2.5525374,1.4923663,0.9377042,0.33136374,0.51863694,2.6699939,0.9597542,2.271323,0.0,0.0,0.0,0.32789746,1.5815423,2.9460247,0.7499835,1.089952,3.1265345,0.0,1.6932065,0.111404814,0.9249224,1.5644339,3.119994,2.189075,2.9155848,0.0075582284,0.28828868,0.0,1.5432853,1.0911567,0.16085736,0.0,2.8206475,0.0,0.0,0.51990294,1.7320126,0.0,0.017221875,1.051996,0.0,1.9470391,2.118129,0.0,1.5750238,0.0,0.85447675,0.0,1.0606797,0.0,0.0,2.8240197,0.0066957623,1.8399915,4.605219,0.0,0.5924608,0.0,1.7002844,2.315315,0.76802653,0.9059711,0.0,0.0,1.0083522,0.0,0.79148954,3.1254106,2.6726158,2.3543842,0.3275138,0.04880914,0.0,1.4091126,2.4321976,0.0006257668,0.28256786,0.2758792,2.013858,0.9705231,2.4256458,0.0,5.2314067,0.7612396,0.8942362,1.8198189,1.3162601,0.5413824,2.8439777,0.20447984,0.016869694,0.7068702,2.593569,0.5991259,0.8030294,2.9455864,0.0,1.5627599,3.3761523,1.6104555,0.60654753,1.9911253,0.0,1.7458836
nucleus accumbens,0.0,1.5543629,1.099515,0.0,1.5443507,0.5397964,2.9763193,0.08643691,0.0,1.5612088,0.0,0.15069099,0.7838994,2.052411,0.0,0.4460003,0.0,1.5110853,0.8968579,0.17661746,1.075486,0.8748484,3.103182,1.9078709,0.10852461,0.65396875,1.0923373,0.93391466,0.51806366,1.6989629,0.571306,2.017957,0.79082936,0.38444334,0.886392,1.1454332,0.99763715,0.64878064,0.0,1.320048,0.52502793,0.31178775,0.12139809,1.271248,0.0,1.0375004,0.86192364,2.0503786,0.2639178,2.9608793,1.4625117,0.0,0.080508135,0.0,0.4573319,1.3421749,0.0,1.6783451,0.9320815,0.24041578,0.61029124,1.4275731,2.1704648,0.098783016,0.6900439,0.13235822,0.78762805,0.36324152,0.0,0.39184946,0.47226784,0.2527912,1.6443543,1.6378443,2.397273,0.4874558,2.1507635,0.99706185,0.0,3.6461973,0.0,0.8204679,0.09967365,0.0,2.13072,0.0,1.0320743,0.5525438,0.9789496,0.53020376,0.0,0.54656583,0.19446975,0.0,0.0,0.55417204,0.18830998,0.56664026,0.44792593,0.29915383,1.6806796,0.85283566,2.6203706,1.0563546,2.5864985,2.5320473,2.675082,0.021261105,2.5960162,0.0,3.5498438,1.409799,0.0,2.5871065,0.9615761,1.4449484,2.3826833,2.4682791,1.5963011,1.302544,0.52470237,0.056544416,0.0,0.6623808,0.7325912,0.0,0.8665493,2.8537357,0.85968375,0.55416036,1.8248552,0.0,2.0683477,0.41837683,1.1608711,3.0574222,0.0,0.20587806,2.745619,3.0025957,1.2747124,2.2532096,2.5122006,2.8608184,0.62499684,2.4319026,0.0,2.3823576,3.588736,1.5093206,1.322381,0.29522535,0.0,0.96704787,1.5169513,1.9229354,0.0,0.0,1.4663633,1.156262,2.5191672,0.0,2.1578188,0.27793217,3.7561407,0.5563329,0.5075583,0.5927224,0.5870768,0.32302687,1.6196588,0.56231475,1.1969773,1.7609869,0.0,0.7193752,1.9196904,1.6052291,0.0,2.5050077,1.5987506,0.35194144,0.0,2.4409432,0.21094126,1.9118034,0.0,1.0698007,0.5610728,0.9796911,0.7003439,0.0,0.3499083,1.1436156,0.42139772,0.0153111145,0.0,0.5974815,0.0,1.6312492,0.0,2.1671348,0.0,1.6095154,0.0,0.0,0.46987823,0.71195954,2.4408247,3.0843732,1.3732817,0.21599755,0.14695546,0.4015,0.4980764,0.28722763,0.6150309,0.12833142,0.75095195,0.0,0.0,1.2115813,0.92297333,1.8058851,2.2077353,1.9539623,3.3184214,3.263242,0.0,3.6222556,0.0,0.0,1.370105,1.1888988,0.8510347,1.0032862,0.0,0.864551,0.108273454,0.22161244,1.5893403,0.89240026,1.567972,0.7645004,1.8761888,0.30309343,0.0,1.4450965,0.7803445,2.0691535,1.1018457,0.0,2.2638714,2.8674753,0.0,0.0,1.1537373,0.7413745,1.1941519,0.29934824,3.1588986,3.0174036,0.0,0.0,0.8956784,0.0,2.816963,1.2779111,0.4515761,1.4304779,1.983786,0.36194575,1.071123,0.0,2.2412739,0.3009509,1.5738337,2.393477,1.0808479,0.0,0.0,1.002679,0.0,0.07832217,0.0,0.112343,0.31271446,0.9157966,1.907665,0.0,1.618674,0.10010664,3.611984,2.4133656,0.13496883,0.0,0.41566542,3.5416687,0.0,0.99066114,1.1722939,1.1134019,1.599613,1.5006009,0.85744447,0.5123944,0.92147535,0.0,0.0,0.11365265,0.5216978,0.0,1.5040746,0.26772088,0.43772158,1.4499401,0.96193755,2.8952174,2.4159608,2.27654,1.0562696,0.0,0.22934099,0.0,0.7004342,0.31251556,0.011074517,0.32023346,0.0,0.0,2.9779084,0.4848289,0.0,2.247718,1.7548718,0.0,0.49331066,0.5575074,0.0,2.8911667,0.01934696,1.7096483,0.0,0.6241862,0.5064369,0.099496834,1.0651366,0.41510603,0.4604402,1.364775,1.9433335,1.3412036,1.964515,0.5970471,1.848933,0.6269383,0.0,0.0,1.5541935,1.3254893,1.9185178,0.0,0.48467863,3.1135404,0.42919227,0.3151043,2.5726693,0.6221613,0.0,0.89793,1.1414969,2.2638156,1.2806681,0.0,2.6548157,0.26966184,0.120404884,1.5080231,1.6881827,0.0,2.6200345,1.4031408,0.52854866,0.55070657,0.99845797,0.0,0.0,2.1461785,1.9037814,3.4376159,0.0,0.79387635,0.0,1.6320968,4.1919265,0.25273895,0.8335597,1.0933956,0.28140432,0.0,0.0,2.0228298,0.8676061,0.82428646,0.0,1.2268274,0.0,0.0,1.6704855,1.4336402,1.5211973,4.1115627,1.6683112,0.1607066,0.7074568,0.4561123,0.38266823,0.0,1.7066646,0.1763132,0.47180533,0.0,0.0,0.43881673,0.6636571,2.3464186,0.83415735,0.4031165,1.3138945,0.4044112,0.0,2.2984056,1.4581628,0.0,1.4604391,2.1873972,0.0,1.2186449,0.7433438,0.0,1.7696323,0.6538675,1.9663444,0.0,2.2109227,0.0,0.0,2.6160252,0.0,3.8291776,1.4688944,0.0,0.62398773,0.0,1.4482247,0.0,0.84374523,0.9302525,0.6280026,0.0,0.2512191,0.0,1.4157584,2.8746357,1.1146265,1.8224064,1.3387474,0.0,0.0,0.0,0.849907,0.5747676,0.33841562,0.0,1.7580255,1.8503761,1.4812914,0.0,4.5165877,0.2654793,0.52540886,2.3525167,0.73965794,0.0,3.103371,0.0,1.790011,0.0,0.70776564,1.8686678,1.3174319,1.1751112,0.2116468,1.2035012,2.2188957,0.36940554,1.2552294,0.39234632,0.0,0.27591747
external segment of globus pallidus,0.0,2.201012,0.0,0.0,1.1453583,0.050812047,0.99090403,0.97283214,0.0,2.9651725,0.7282314,0.13094638,0.89827824,2.445962,0.0,0.07429862,1.3506353,1.7924646,1.4425647,0.66113627,1.1914035,1.1206024,2.6164358,0.85661685,0.7345981,0.7712596,0.0,0.0,0.7670847,1.759858,0.7495191,1.916526,0.5772384,0.22920404,0.069835,1.2224013,0.05510102,1.3768518,0.0,1.3602206,0.4681282,0.65281343,0.0,0.0,0.44217473,2.6173089,0.5722391,0.014118016,2.2883956,1.1097951,2.53446,0.0,0.0,0.0,0.0,0.5432802,0.0,2.036294,0.85630244,0.0,0.0,1.0378292,1.1349895,0.0,0.9486793,0.0755804,0.19561408,0.26643524,0.0,0.0,0.60790193,0.59980345,0.27667576,3.6285372,0.73296154,1.3390133,1.4016145,1.4766581,1.8369747,2.0855234,0.0,0.46207744,0.198055,0.0,1.872556,0.2010348,0.0,0.0,0.7375084,2.159685,0.40036207,2.5353694,0.0,2.7509193,0.0,0.54354566,0.5820757,0.0,2.2118237,0.9380097,0.8048819,1.487516,3.1964192,0.0,1.7206749,2.064247,0.51211953,0.055263616,2.1008303,0.0,1.1834879,0.7995251,0.0,2.1909318,0.432619,1.8611586,0.0,0.0,1.1752582,2.1123202,1.4588026,2.372404,0.0,0.6544178,0.6996947,0.34762838,1.5026616,1.5208135,0.19363767,1.6321362,0.6545989,0.32368633,2.157667,0.0,2.0033026,0.6849376,0.0,0.4428449,1.3309171,2.4630148,7.916335e-05,0.31608534,1.7616656,1.4726976,1.7768656,2.1521442,0.0,0.27883816,1.3904402,0.39577737,1.1699371,0.98597544,0.0,1.5771149,1.418481,3.9000998,0.79718566,0.5120451,0.34646088,0.0,0.22579361,0.0,1.0088407,0.3736422,3.193821,1.99667,0.0,1.9035559,1.666738,0.0,2.1684802,1.4666568,2.855937,1.850563,0.0,0.0,1.3063462,2.5043633,0.0,3.963719,2.0930538,0.09417559,0.0,2.036573,0.0,1.0785725,2.0892353,0.16001742,1.2334716,0.0,1.3841778,0.6365195,0.6693474,0.5499385,1.6540312,0.035526566,0.0,0.0,0.0,2.2109675,1.4544358,2.4511137,0.30934384,0.80429906,0.0,0.0,0.0,0.0,2.948469,1.6582513,1.2537066,0.0,0.097973935,0.78221065,0.38270006,0.0,0.96764135,0.0,0.025727335,0.0,0.037605092,1.4794391,1.2414669,2.1087093,0.0,1.413095,0.07822185,1.0623518,0.0,1.4277346,0.8313251,0.0,1.9042132,0.38171458,1.7483501,1.0539353,0.0,0.8862673,0.68212867,0.57547635,1.1248952,1.0841223,0.96881753,1.3321588,0.73738194,0.53792006,1.7442335,2.1946414,1.4654287,0.48272213,0.41954368,1.116818,0.4427992,2.230828,0.0,0.0,2.6515436,0.0,1.3235836,0.53786016,2.072674,3.2298443,0.47641838,0.66705304,1.6160318,1.7469859,0.25096396,0.59203863,0.71009153,0.0,1.890645,0.12815584,2.2191298,1.0974531,2.5733776,1.3241488,0.74212617,0.62734634,0.0,0.8315242,0.29169074,0.8103783,0.0,0.0,0.11774094,1.8463056,0.83487344,1.7858928,2.2896783,0.0,2.216825,0.8595288,3.7441201,1.9398956,0.6789816,0.0,0.54469144,1.7665442,0.0,0.2289623,0.49651292,1.8346983,1.5907093,0.0,1.1793736,0.48101804,0.0,0.0,0.0,1.1477591,0.0,0.0,0.0,1.7410549,1.2099352,0.55793583,0.0,0.5272511,3.5821862,1.1448792,1.3858676,0.0,1.4890767,1.4837183,0.6061785,0.0,0.0,0.0,0.0,0.9379084,0.19025438,0.0,0.0,1.088517,0.32083052,0.0,0.2809027,2.2249556,0.72815293,0.07073208,1.5638051,1.2815707,0.0,2.7958345,1.451754,1.0782185,0.0,2.984604,0.07860804,3.4241953,0.0,0.8049173,1.682881,0.1060543,1.2951224,0.0,0.97913855,0.6029167,1.0774633,0.5822297,1.6959233,0.0,0.70833373,0.911223,2.1710165,0.4375732,1.5532066,0.557047,1.3311057,0.0,0.5410112,0.16833939,0.0,0.0,2.2585921,2.1816442,1.6594839,0.6709449,0.5997689,0.0,2.7161295,0.0,0.8561115,1.9764675,0.46169275,0.0,2.0447073,2.840835,0.14851321,0.6723713,1.7600497,0.0,0.0,3.1352274,2.4204419,0.8778744,1.3894036,1.6324391,0.20424034,1.6596519,0.0,0.7514144,0.0,2.4241428,0.0,2.35176,0.077784754,0.0,1.7467401,0.12463531,0.24741074,2.543644,0.77959496,0.4258311,3.0404289,0.0,0.0049876757,1.7217314,2.3295734,1.1235479,0.65969837,0.48722157,2.0948665,1.0332972,3.4698405,2.6765335,0.15006422,0.6247494,2.6366086,0.3109839,0.0,0.105031654,0.0,0.87304914,2.9188724,0.036342286,0.46237138,2.9877112,0.011802192,1.313761,2.5829437,1.3501637,1.3440316,0.0,2.8843446,0.28002608,0.0,3.1531773,2.15727,1.4962418,0.0,0.0,2.3021123,0.0,0.57616866,0.0,0.3983854,0.0,0.0,0.0,2.54781,0.0,0.0,2.6283822,0.0,0.0,2.7868981,2.0465176,1.7739879,0.0,0.5200177,1.6578704,0.0,0.0,1.2730443,2.4008207,0.66996956,0.0,0.4166754,2.5162556,0.05228271,0.47867233,0.3698255,2.8433578,1.565769,0.0,2.628252,0.5039026,1.328719,1.4695907,0.283374,0.68352455,0.626387,0.0,0.2237045,1.4446566,0.046326574,0.5339017,0.0,0.47827774
internal segment of globus pallidus,0.0,1.5208391,0.0,0.0,2.3771,0.63067496,3.2372322,0.0,0.0,2.3851104,0.25785437,0.14178778,0.0,3.443959,0.0,0.0,0.0,3.23071,1.3206708,1.0456153,1.5489358,1.1556749,2.230484,0.85303044,0.0,0.0,0.5978231,1.0239382,1.1600492,2.6619987,0.8237659,1.2360734,0.0,0.0,0.6609233,4.2808228,1.1006494,1.5712574,0.0,1.4755224,0.1377202,1.3031833,0.0,0.0,0.0,1.7843032,0.69328797,1.2950797,1.7412262,2.419142,4.57938,0.0,0.0,0.0,0.0,1.2096397,0.0,3.693596,2.4826853,0.30389962,1.2610329,1.0540128,1.5941851,0.0,0.24710894,0.7616236,0.034681007,0.0,0.15052769,0.0,1.2474788,0.4204655,0.27810705,3.3957613,1.7234706,0.93538547,1.537856,0.47777262,0.37371993,2.5600648,0.3885935,1.212035,0.0,0.0,0.5887574,0.0,1.271281,0.6420697,1.1475288,1.9580662,0.0,0.7197813,0.0,2.0859323,0.0,2.3009992,1.0586195,0.17056745,2.248257,0.0,1.0090638,0.0,3.8857522,0.009561136,3.1914687,1.1532574,1.6882172,0.0,3.6890697,0.18932796,1.4709729,0.97509384,0.0,3.336251,0.6446328,0.12023516,0.0,0.73590225,2.7021909,2.234708,1.2144611,2.0901923,0.0,0.0,1.4679644,0.62048244,3.2804806,3.5179188,1.2677402,1.3324336,1.1686912,0.3163641,2.4092996,0.0,3.4016879,0.96329725,0.0,0.0,0.82001203,2.30989,0.0,0.8062687,1.7240146,1.8073175,1.8649533,4.1708183,0.0,1.823428,1.7711169,1.3749692,0.8178776,2.0348752,0.0,0.95549893,2.0633,3.0124772,0.0,0.8309583,1.6280428,0.0,0.0,0.0,2.5170436,0.0,2.1395354,1.8372982,0.74438906,2.8622482,2.0538585,0.0,3.1452463,2.4495087,3.5650663,3.2050626,0.8729083,0.0,0.35711583,3.580365,0.0,4.1762056,0.9722774,1.203473,0.3511182,1.1453695,0.45548025,0.5816333,1.3151798,0.9628157,0.0,1.1738127,2.6833117,0.0,0.077365376,1.7925671,1.1475362,1.193257,0.37220854,0.0,0.0309663,2.4017684,0.42804673,3.7821069,0.05937614,1.6622236,0.0,0.0,0.0,0.0,3.478872,4.311718,2.5912368,0.0,0.0,0.7204501,1.945221,0.0,0.0,2.0648682,0.0,0.0,0.0,0.0,1.4291497,1.2955172,0.8106845,1.3551049,0.55448157,2.8052433,0.0,2.097324,2.1209474,0.3614081,2.0104098,0.66550756,1.6949285,1.2736617,0.0,0.39436466,1.9906002,2.1380522,1.9134198,0.9178188,0.9668723,1.1307049,2.3213828,1.6360272,1.5630568,2.8829854,0.65965027,1.161016,1.0983926,0.0,1.7422817,4.444085,0.0,0.0,3.4393532,0.19688928,1.4222932,0.054045863,0.83200985,3.8512902,0.0,1.0687411,2.0109017,1.6994641,1.390849,1.8803326,1.0129887,0.34775773,1.8728228,0.5287981,3.027164,0.8002639,3.5479841,0.13815713,0.84180266,0.21241625,0.0,0.23767738,0.38674533,0.4994402,0.37776595,0.0,0.0,2.9949589,1.2342073,0.0,3.2563884,0.0,2.5188086,0.0,4.6757717,3.090498,0.8019274,0.0,0.1421083,0.93557894,0.0,0.0,1.3109374,2.0836918,0.78863424,0.0,0.0,0.36898297,0.045941424,0.0,0.0,0.13551073,0.0,1.1924641,0.0,0.3726089,0.0,0.068333566,0.058462813,2.4601398,3.8981237,2.1539993,0.3628943,0.12539673,0.5555247,0.0,0.6428195,0.0,0.244923,0.18840784,1.0555959,0.0,0.0,0.0,0.0,1.025754,0.0,0.0,0.0,1.6983507,0.0,1.499354,0.9685711,0.6757239,0.0,2.780904,0.16444288,0.4877874,0.16326101,1.5235336,0.9390796,2.1453586,0.0,2.093234,1.1710355,0.19918643,2.442331,0.1899953,0.71099025,1.1483332,2.175031,2.0546322,4.0670834,0.0,0.14904068,2.8149645,0.26993787,1.9216641,1.80343,0.3772613,0.104668885,0.0,0.060986686,0.2830882,0.81330395,0.0,2.792301,2.8968186,0.23817249,0.0,0.5200331,0.0,4.162652,0.08237519,0.0,1.0933805,0.0,0.0,0.0,2.4421637,2.3875275,1.4610438,0.54481304,1.4561958,0.0,2.8541887,2.7145414,0.8282637,0.19522841,1.9096382,0.116051674,0.5795723,0.29398993,2.5855923,0.0,2.1006622,0.6598763,2.624924,0.0,0.0,1.8408113,0.22757491,0.7410544,3.3453226,1.4506963,1.0520625,3.4907866,0.03236135,0.13845068,0.72763056,1.9255902,1.6353767,1.0336506,1.1594961,1.6654804,1.6478728,1.9339601,3.1251488,0.0,0.12160646,1.732139,0.0,0.6544117,1.910716,0.0,2.174386,3.328172,0.0,0.0,2.091913,0.47195143,0.0,3.2121084,1.5102012,1.1170075,0.0,2.6822498,1.548916,0.0,1.7066904,2.0792906,1.3489559,0.0,0.0,0.042022,0.0,0.20296387,0.0,1.1010505,0.6781726,0.0,0.0,2.4753969,0.0,0.27232566,2.7945485,0.0,0.8005325,2.6368587,1.59233,0.17406353,0.0,1.8868084,2.1755316,0.0,0.0,0.42757863,2.6235156,0.8113034,0.0,2.8965998,0.52471775,0.42206734,1.5298017,0.74039096,1.7627044,3.5410376,0.0,1.5584033,1.9078997,0.68082154,3.1115658,1.2066536,0.0,1.1189618,0.7146499,0.008108806,2.7045686,0.12364678,0.09105122,0.0,2.0467849
mPMtha,0.0,1.6347357,0.0,0.0,0.770007,1.0096413,1.8010187,0.4340934,0.0,1.7192291,0.0,0.1831042,0.77138597,1.0206006,0.0,0.0,2.6151483,1.3257408,1.4618971,1.1048473,1.1515336,1.4749401,1.5192367,0.09795694,1.0462143,0.6904193,0.0,0.29556492,0.5394442,2.818552,0.24815679,1.4586382,0.0,0.033270597,0.5585328,3.1051698,1.890803,1.9639897,0.0,1.0810499,1.0761619,1.3786296,0.0,0.0,0.0,1.6771419,0.9621957,1.1987932,2.6996112,0.34651107,2.2969375,0.0,0.0,0.0,0.0,1.8236071,0.061437126,2.1866214,1.9790149,1.8933977,0.60160273,0.37638557,0.3358646,0.13824695,0.09766203,1.269966,1.744793,0.0,1.2481444,0.611943,0.7619666,0.50439376,0.65507394,1.6125038,0.076923914,1.1091924,1.5160184,1.9252865,1.7840317,1.0082062,0.68024236,0.46542776,0.9744001,1.9839375,0.0,0.17419648,0.0,0.9317867,0.15196908,3.0067968,0.88677657,0.73503435,0.0,1.9069921,0.0,1.3185008,0.6051162,1.1621312,1.7480193,0.57586235,0.0007319562,0.0,2.122741,0.20569271,1.762855,0.4703564,0.9529696,0.0,2.3465014,1.2392526,0.4974299,1.806185,1.345934,1.1012043,0.7943866,1.7658954,0.0,0.05991988,2.903423,2.7767682,0.00023631379,2.721957,0.0,0.0,1.0357983,0.84833705,1.713292,1.5469912,1.3514631,1.2790153,1.7012603,1.4496367,0.31193367,0.0,2.4447172,1.5641866,0.0,0.5099893,0.599591,0.7645253,0.0,0.24872907,0.6875826,0.91687334,2.2098293,1.8579624,0.0,1.7332083,0.8040315,0.3989312,0.016042372,1.4831393,0.5822007,0.45493743,1.8481524,1.9215031,0.88505924,2.328381,1.1929749,0.09468987,0.109206855,0.0,1.2596174,0.8673376,1.6089805,2.7549477,1.0763073,2.1913562,1.8318903,1.7368467,1.7482861,1.8023411,1.9406723,1.6900532,0.5795978,0.0,0.046221066,2.1923382,0.0,2.4639215,0.18416947,1.9791886,0.39456338,0.60757995,0.45508352,0.0,2.7937257,0.69934803,0.8258879,2.784747,2.674744,0.0,0.0,1.5461105,0.4373941,3.0437157,0.6025179,0.75049937,2.0313385,1.8634061,1.3424762,1.1124718,1.2982949,1.2633804,0.0,0.0,1.3653308,1.4452498,1.744068,2.303446,1.042445,1.2450569,0.37717566,0.0,0.58395267,0.0,0.0,2.722599,0.6680483,0.31043696,0.8950371,0.4570427,0.42310414,1.1017214,1.2345175,0.9863749,0.0,1.1189739,0.0,1.2516135,2.2493575,1.4157357,2.3666785,1.082206,0.67877203,0.3636428,0.12755138,1.3199881,2.1829302,1.3533274,0.85481095,1.1212221,1.3460374,0.9604037,1.2485095,1.140807,1.0527188,1.7455828,0.978555,0.7317411,0.5236404,0.6225772,0.28131065,1.7334256,0.22940588,1.3166506,2.3562336,1.5163167,1.352828,0.7210492,0.8179748,1.3088409,1.473075,0.94068336,0.92728984,2.5908606,0.0,1.8805606,1.4173816,0.0,0.7929223,1.6078246,3.0592244,1.6374872,1.4975296,0.24048212,0.54833484,0.653228,0.0,1.9505836,1.10322,0.98744684,2.0577495,0.38693124,0.0,2.7850952,2.2947135,0.21349102,1.7921896,0.0,3.178491,0.41432267,2.5684123,1.1262904,0.6537899,0.0,0.7407326,0.0,0.5947321,1.0808067,0.0,2.1413887,0.0,0.90587443,0.015799351,1.0130147,1.0380509,0.69168156,0.0,1.5720599,0.0,2.2596562,0.0,0.71798605,0.27098882,0.7155609,0.84944427,0.34937733,3.3417451,1.438293,0.08503331,2.6106637,1.0209154,1.1331347,0.1155754,0.0,0.13603547,1.5060141,1.591107,0.104499966,0.057817508,0.0,0.0,0.0,1.1183137,0.0,0.73732924,1.6982474,1.711052,0.5645667,1.0043242,1.1069527,0.0,2.7411363,1.4993414,0.583394,1.6359568,1.7371954,0.0,1.1283329,0.0,0.90616167,1.2823094,0.0,2.1724873,1.2032623,1.086176,1.1991863,1.9974513,1.0920954,2.3466938,0.0,1.1327598,1.1561375,0.8667071,2.6834354,1.6288701,1.1464295,1.7540303,0.902198,0.3748879,1.1109245,1.0767807,1.2522191,1.2049445,2.4233072,0.0,0.0,0.0,0.011180026,2.0314388,0.3455381,0.174945,1.7821991,0.18768997,0.0,1.3651304,0.5972684,1.6881939,0.8672499,0.87840784,0.8866971,0.0,1.473972,0.8165504,0.0,0.3859991,0.056473643,0.41145563,1.5508431,0.5558072,2.2720475,0.5710117,1.8091068,1.5717117,1.9565282,1.7617351,0.0,0.96364987,0.367272,0.56926703,0.10040556,0.37767157,0.18502055,1.9239154,0.0,0.0,1.7368425,0.0,1.4094614,0.0,1.4617404,1.4221551,1.2526606,2.197658,2.6598299,0.37040475,0.0,3.0006087,1.2303343,0.9830755,1.5420483,0.0,2.4770646,1.9721146,0.08790741,0.59224397,1.8185655,1.3005097,1.693787,2.9835274,0.3509808,0.91747046,0.80202913,0.2461107,1.2939869,0.0,2.0644715,3.1319194,0.2914232,0.57974416,0.0,0.35502103,0.80625606,0.58711135,0.56982684,0.7001205,1.30587,0.0,0.0,2.0273197,0.0,0.86475843,1.2019349,0.0,0.27284068,1.7542715,0.81980467,0.091946974,0.114737615,0.43396306,1.9029145,0.0,0.0,2.266032,2.6397586,0.0,0.0,1.3526611,1.1643411,0.35889697,0.0,1.4317257,3.5511642,2.0622063,0.0,0.0,2.5824404,1.2342035,2.374368,0.5297439,0.057162866,0.0,0.45410487,0.0,2.54005,0.0,0.6408867,1.2714013,1.4713333
Stha,0.0,2.480461,0.0,0.0,1.2485354,2.3546782,1.8307743,1.6392932,0.0,0.2413782,1.5879228,1.0337034,0.35594076,0.43285003,0.0,0.71651477,1.5729234,1.0573081,1.0904042,0.3761964,0.72118163,2.137018,0.0,0.31592646,1.0835141,0.37950686,0.0,1.9422479,0.042887434,2.6205006,1.0598824,2.0779607,0.0,0.6451891,0.1089805,1.9150465,2.0818334,0.9928866,0.0,1.5003357,0.79181457,0.24799928,0.0,0.11673088,0.0706068,1.7553395,0.18374078,1.5708306,3.007658,0.0,0.8571384,0.28406164,0.0,0.0,0.0,2.1711824,0.3012467,0.1951736,2.047311,1.9984306,1.5517358,0.22250271,0.0,0.65960515,0.38944,2.3360374,2.192673,1.1841906,1.8048072,1.7458286,0.2467781,0.41904393,0.101090826,1.6941156,0.0,1.7842077,0.41765475,1.6901131,1.0831479,0.0,0.5294079,0.46691164,2.714517,2.720712,0.0,0.79667336,0.0,1.0225174,0.42664298,2.388759,2.116039,1.0312265,0.290043,2.2633119,0.44241107,1.9533919,0.97194064,1.5013539,1.600293,0.67007667,0.34945437,0.0,1.7144773,1.5139662,1.6249825,0.0,0.32763627,0.0,2.512096,1.1801813,0.6134007,1.2162951,2.058693,0.37429112,1.8318594,1.1264286,0.0,0.021798491,1.6007483,1.6242181,0.24460314,3.376155,0.0,0.0,1.6207641,1.3296084,2.2338111,0.17247622,2.1955187,0.0396785,1.314853,2.7003963,0.21718624,0.0,0.9492336,1.6167303,0.0,0.04143988,0.0,0.0,0.0,0.13271146,0.0,1.270214,2.071143,2.1997259,0.0,0.45502388,0.0,0.32590535,1.3737175,1.6379215,0.6352276,0.6672063,1.9310288,2.0454683,1.5185254,2.476744,0.43463996,1.5201049,1.5514355,0.0,0.7960571,1.7971675,1.4680719,1.9937091,0.63950336,1.3521917,2.2361712,2.3682284,0.5765395,2.184955,0.58274287,0.95313555,0.811464,0.0,1.4796197,1.5071464,0.45371896,1.4530113,0.0,0.98614687,0.73445153,0.5046487,1.2060977,0.88696504,2.5749469,0.35678154,0.12602836,2.3393252,2.327929,0.0,0.0,0.19376624,0.67619795,2.433922,1.1236311,2.3102903,3.1829019,1.2483159,2.672783,0.0,1.3352827,0.41759786,0.0,0.0,1.2637787,2.3598487,0.15564741,2.3728297,2.3178189,1.6104668,0.0,0.950242,0.5611765,0.12943055,0.0,3.0667293,0.55413616,0.51633114,1.2747239,0.6047574,0.0,1.5508958,1.1073813,1.7103095,0.0,1.8480986,0.055638425,0.66755927,3.4414008,1.2831287,2.0607889,0.22720201,0.011245406,0.14003266,1.8131708,1.0772442,3.3916543,1.8825845,1.5632576,1.9851868,1.7880437,0.0,1.0112382,2.3223498,1.7812353,0.41984698,0.27731177,0.0,0.0,0.23948617,0.42571458,1.2499509,0.830399,1.8879915,2.0208101,2.2838354,1.7541606,2.4823637,0.35808757,0.0,2.6015277,1.3564012,0.0,2.8963423,0.0,1.3504411,1.6320856,0.16478713,0.9685829,1.6663734,3.2000725,1.3853548,2.4645746,0.5190065,0.7280168,1.6012998,1.6231307,2.7264872,1.8878118,0.6407156,3.316105,0.63189715,0.73722136,3.2366908,1.9592321,2.7209754,1.4077207,0.0,2.7454336,1.0096698,1.3254017,1.3822688,0.89019555,0.0,1.6112036,0.0,1.8654681,2.4341886,0.0,2.5686088,0.5689336,2.3424137,0.9243341,1.925836,1.6648567,1.6127433,0.0,2.881486,0.0,2.5895064,0.0,2.1274064,0.93854225,0.11930162,1.7606231,0.0,3.2076569,1.0995425,0.0,2.7222831,1.1139039,1.6120363,0.0,0.0,0.33543003,0.6736947,2.1713839,0.0,0.01199143,0.358663,0.0,0.0,1.9681398,0.0,1.3526683,2.238417,0.8861252,0.4238969,0.48846123,0.0,0.0,1.9451311,2.1268682,1.1970978,1.8156568,0.7968712,0.0,0.3953478,0.22061121,0.0,0.9074833,0.0,1.186876,2.0676389,0.5260587,1.1532704,1.4997493,1.9493568,2.4214072,1.1448784,2.390753,1.2079525,0.5532576,3.6846077,2.2572806,2.0094578,3.7642632,1.675491,0.45337266,0.011325945,1.5928729,3.0772378,0.0,2.6577337,0.0,0.6826879,0.2496921,1.1726336,1.4025694,0.531064,1.4630908,1.550359,0.0,0.0,1.2508191,0.0,1.643594,0.0,1.0654148,0.0,0.0,0.21830648,0.86825913,0.036988202,1.6853482,0.0,0.44553453,2.0111954,0.87756926,0.5171488,1.5344366,2.4961545,2.2439144,0.98460263,2.6833754,0.0,0.44353703,0.7444557,0.9137721,0.0,0.0,1.2697812,1.5887833,0.0,0.061780427,1.3318088,0.0,0.53700745,1.0889566,0.87170184,1.9715472,1.7926408,2.235209,3.1747055,1.3262192,0.41128665,4.0035276,1.4685915,2.3404586,0.91822803,0.73785037,2.2101378,1.3651026,0.72042614,1.1904795,1.0515771,0.72236,2.6021948,1.5623213,0.0,0.0,2.26641,0.0,1.0754174,0.0,1.1642766,2.4491532,0.0,0.9267972,0.0,0.07549925,1.1918067,0.0,1.143759,1.4160246,2.4368849,0.0868887,0.0,0.78593314,0.0,2.2442417,0.0,0.14331844,0.8436375,0.5601922,0.5179511,0.34065112,0.71006405,0.52868336,1.6287547,0.0,0.0,2.1177645,2.6266203,0.0,0.0,0.24372515,0.23525174,1.0247829,0.0,1.6488078,4.043713,2.5463667,0.3529396,0.0,2.3224463,0.16023618,2.539389,1.2365212,0.96190685,0.21920545,0.2089475,0.57087207,3.1609104,0.0,1.9902759,1.3262486,0.18398076
PPtha,0.0,1.1278272,0.0,0.0,1.7648324,2.469529,1.8905257,1.3192105,0.0,1.2892388,0.29538795,2.383829,0.0,1.2858673,0.0,0.8236956,2.1992447,0.92726433,0.69275975,0.5949607,0.6764716,0.9361443,0.0,0.8324976,0.11912707,1.8744267,0.0,2.0178742,1.3597367,2.6969492,1.4650607,1.7258786,0.0,1.632734,0.46698922,3.0426464,4.0054584,1.898231,0.0,0.85279924,1.6182356,0.35883182,0.14420296,0.09051438,1.0507191,1.2260869,0.97551125,0.5466953,3.532836,0.0,1.1420243,0.09411062,0.0,0.0,0.0,3.1621816,1.822806,0.15100189,1.8594828,3.2654877,0.24666877,0.0,0.756808,0.0,1.6214494,3.1793513,3.1229506,1.0019426,1.2945434,1.6983386,1.4641583,0.44083187,0.0,1.7356709,0.29070938,1.1190573,0.8114184,1.6807477,0.9432276,0.0,2.149569,0.0,2.4314468,4.1919484,0.0,1.357913,0.0,0.49026856,0.5640225,1.9785955,2.8436458,1.009809,1.4136405,1.5229717,1.6723547,2.576063,0.47119722,1.3751578,1.6310586,0.60701805,0.20644659,0.0,0.60428596,1.6863353,1.5701984,0.0,1.002453,0.0,3.1176758,2.7619069,0.47046086,1.3079091,2.6869624,0.0,1.9713371,2.0792663,0.0,0.0,2.5076475,2.6232347,0.17891894,2.5850239,0.0,0.0,1.6174328,2.8567111,2.151245,0.6159437,2.831187,0.0,0.9120006,2.371554,0.0,0.0,1.5588549,1.1723683,0.0,0.82330936,0.0,0.0,0.0,0.0,1.7092049,0.7865172,2.429869,1.8976377,0.0,0.58306956,0.0,0.37473947,1.4731727,1.2754967,0.27784154,0.0,0.65008086,2.0128849,0.89600974,2.5516984,1.6813242,2.618056,1.6877697,1.1925503,2.275334,2.0982218,0.12377562,2.2619462,1.7540118,1.6891127,1.672792,2.063489,1.1540692,1.8839717,1.0800215,0.6817427,1.2426013,0.0,2.9273605,1.9384053,0.61835384,0.8894756,0.8523643,1.6531194,1.9631823,1.0128343,2.0529416,0.45743126,3.721714,0.8952616,0.012573324,3.8372724,2.469382,0.0,0.0,0.39233595,1.8571658,3.0882924,1.6759635,2.0589256,3.734912,1.6641167,3.2390256,0.0,2.6340055,1.2030734,0.0,0.0,2.5319312,3.7741337,0.0,1.4648277,2.244105,1.9866018,0.0,0.48751062,1.2143761,0.77355456,0.0,3.665906,1.166927,1.5169232,1.8096462,1.1155165,0.6042476,1.2359303,0.88620204,0.6733833,0.005628757,1.3486282,0.85039186,0.37370628,3.3739984,2.2396643,2.8311677,1.0970109,0.2811692,0.40969932,1.2715545,1.9425775,2.9031532,2.0665925,1.7326697,2.0761483,1.7845453,0.9109653,1.0024925,2.5841475,2.339169,0.91988486,0.87347955,0.0,0.0,0.8696287,0.38561136,0.75712395,0.6946309,1.9713527,2.4802861,2.0528538,2.2519922,2.9865887,0.3732557,0.3397979,3.2366369,2.1731143,1.2878082,2.2128868,0.0,1.112614,1.5505201,0.39636657,0.5049921,2.1305535,3.0082943,2.0912905,2.1773052,0.079809465,0.9649102,0.57154465,2.455598,3.0433238,2.1555126,1.6610063,4.325643,0.820298,0.797526,3.7226956,2.8206422,2.9819815,1.0101365,0.0,2.2979612,0.6814005,1.0194352,1.0065373,2.0072691,0.0,2.34095,0.0,1.6747292,2.483164,0.0,1.9470733,0.46771866,2.6922643,1.9597716,1.909512,2.3629682,0.6284835,0.0,3.7097065,0.0,2.3364465,0.0,2.0639565,0.3520737,0.0,1.0367196,0.0,2.7528338,0.5974612,0.25023395,3.5973246,1.6014279,2.0465374,0.47176632,0.54211235,0.8423627,1.182478,2.8779523,0.0,0.20895217,1.3036342,0.0,0.0,1.4371966,0.0,2.6579773,1.8233982,2.0930896,0.4170257,1.3361359,0.4010061,0.0,2.0945463,3.4091606,1.8271534,2.016939,0.20364866,0.0,0.0,0.27836558,0.4882965,1.9750717,0.0,1.1947668,2.2718248,0.46530604,3.1275213,0.92480934,1.046654,3.3659747,0.31823716,3.564442,2.0040102,2.0824726,4.270984,0.9977164,2.5952353,3.570404,3.3277273,0.0,0.9001878,2.0900457,3.6749325,0.35573614,3.551297,0.0,0.5752662,0.09772642,1.3317193,1.978131,0.46628568,1.455669,2.1867788,0.0,0.0,2.18174,0.0,1.5609803,0.019350553,1.8835422,0.022815593,0.0,0.0,0.9229753,0.4719766,1.7722286,0.0,0.25746948,1.786147,1.260735,1.3992149,1.6954793,2.1239848,2.063462,1.6669708,3.3613265,0.0,0.8202115,1.2927217,1.1091098,0.0,0.870768,1.6848122,1.3061285,0.0,0.13143048,2.45093,0.0,0.7961716,1.7259216,1.494555,1.5664864,1.6031688,3.1869206,4.2045693,0.862067,0.65877295,4.112713,2.0354958,2.6848722,1.0061356,0.0,2.3700037,1.2093599,1.3906927,1.4590122,2.050333,0.5670718,2.7741513,2.0684779,0.0,0.9266561,2.489598,0.0,0.42884564,0.0,0.7752958,2.8195806,0.0,0.7670108,0.0,0.65916556,1.1970532,0.79611504,0.22576301,2.4683452,2.8401525,0.020913107,0.0,1.6649445,0.0,0.9459287,0.0,0.0,0.2909114,0.7751517,0.0,0.10015118,2.61162,0.0,1.5389187,0.0,0.0,1.9900943,2.414874,0.0,0.0,0.06490505,1.7531644,2.227015,0.0,1.1867493,3.8304381,1.9902046,1.0255195,0.0,3.707314,0.15447032,2.4146626,2.2438834,2.2240558,0.78354347,1.1572351,0.53983337,2.9588408,0.8686243,2.4441373,2.1886082,0.56492394
Otha,0.0,1.6959778,0.35297468,0.0,1.4678019,3.0394006,3.3690333,1.4300506,0.0,1.8616296,0.0,2.3433208,0.0,0.6775948,0.0,2.0638871,2.1268485,0.774369,1.3582116,0.033756815,1.834724,0.6761893,0.7640823,1.343359,0.0,2.8045018,0.0,2.4142456,0.37399605,2.689968,1.4154842,1.5360866,0.0,2.1834776,0.5441747,2.4925025,4.012407,2.5247412,0.0,1.77098,2.2727907,0.39128453,0.23304072,0.92977107,2.7367404,0.15092707,0.83675975,0.6745332,1.8329906,0.0,0.5940137,0.497736,0.0,0.0,0.0,3.1462572,1.89984,0.0,1.6091734,4.803971,0.032605182,1.2330618,2.4949887,0.0,1.0694753,3.973054,2.7952657,1.8494023,1.5892239,1.3628125,2.9392982,1.3280016,0.0,0.55301833,1.5237558,1.2990953,1.4362566,0.8890463,0.31562632,0.0,3.4162865,0.0,2.4741833,4.31682,0.0,1.9390703,0.0,0.34342873,0.577042,0.9117693,2.0271103,1.485173,2.7685184,0.613095,3.3253014,2.9333994,1.3379812,2.1293926,2.1609323,1.6557068,1.2055266,0.0,0.0,2.4126425,0.9190023,0.0,1.575676,0.0,2.134178,1.3944927,0.8118373,1.8717154,3.0848675,0.11111096,1.461714,1.8356694,0.0,0.22780792,3.8017807,2.5530555,0.96901566,1.3898824,0.0,0.0,1.5858139,2.317262,1.0484244,1.4268279,2.946756,0.0,0.69207907,1.1311293,0.0,0.8900558,1.0927517,1.3854963,0.0,2.7829168,1.6786451,0.0,1.1492541,0.0,3.6697586,0.18433772,3.0866728,0.85347176,0.0,0.7637354,0.30124897,0.89332706,1.4193075,1.8825233,0.0,0.0,0.2530621,1.8572872,0.20007516,2.4781172,2.4173908,3.3228974,1.1184361,0.37730855,1.9848851,1.4849681,0.56860304,1.7216693,3.052326,1.3725331,0.8286878,2.71913,0.45434898,0.9815917,1.4680527,1.2129371,0.76379156,0.0,3.6305108,0.95748013,0.91394615,0.056879044,1.310245,2.5967126,2.4847014,1.4267911,3.2912848,1.226158,2.61371,2.678085,0.0,4.4290185,1.1008517,0.0,0.0,0.30451605,2.4717093,1.9255158,1.6587231,2.180161,2.6708026,1.8455085,2.9086218,0.0,3.1391716,1.7534906,0.0,0.0,2.6631818,3.2808745,0.0,0.67876524,2.0853646,1.258395,0.06855514,0.2086893,1.2587237,1.3520956,1.2055361,2.3780499,1.6865911,1.2744387,2.2750137,2.0792751,1.1020898,0.04910856,1.5980399,1.4546891,1.269129,1.1179584,2.604002,1.0330777,3.2819245,1.6293463,3.5996535,2.2834148,0.29121014,1.617802,0.36239004,0.7313801,2.0718243,1.2004766,1.3520478,2.6509159,1.1699767,1.5492362,0.6410234,3.0750499,1.9390328,1.0166749,0.7495413,1.0015395,0.0,0.14628462,0.6596185,0.60984033,0.97173804,0.67336756,1.3434699,1.484727,1.9776378,2.1313565,1.581048,1.4660219,3.248097,2.4539442,2.013706,1.6858116,0.1972509,1.1508201,1.3504392,1.101013,0.3516051,2.1312273,1.5513637,1.6597486,0.8358483,0.0,1.0326936,1.0894933,2.9461749,1.675172,1.554231,2.7185147,4.3342924,1.2479455,1.4721581,1.5842448,1.8884945,3.0954444,1.4358246,0.0,1.4274594,0.78313905,0.0,0.54493654,2.3040874,0.0,3.419153,0.0,2.4035723,2.9790518,0.0,0.22602385,1.5356615,2.5871685,2.5030932,2.0817823,3.5297852,0.060985632,0.0,3.1632812,1.1866966,1.4019105,0.0,1.7235115,0.118258595,0.0,0.6863363,1.4176815,0.87878484,1.1905749,1.7738264,2.9306905,1.4711086,1.4944197,1.1181692,1.4376388,1.8166972,0.73254436,3.4600132,0.0,0.6307201,3.1533132,0.0,0.0,1.0248268,0.0,2.9332116,1.1345624,2.6220417,1.5467346,1.7846973,1.1425396,0.0,0.31363094,4.278784,2.5393538,3.7813036,0.19599427,0.0,0.0,0.5507228,2.1582315,1.9486067,0.0,1.5318449,1.6228971,1.4269158,4.413242,0.44519535,0.3498772,2.408417,0.0,4.014979,1.8392637,3.357201,3.2182755,0.0,2.3378577,4.4233074,5.133121,0.42029345,2.1531348,3.256606,3.6140094,0.7293583,2.677432,0.0,1.8826278,1.9269143,1.8662041,0.5942489,0.21221665,1.2324835,1.4793074,0.0,0.0,0.96803105,0.0,1.408663,1.0208101,1.8778827,0.51776016,0.0,0.0,0.77846956,1.980778,1.8790339,0.0,1.4807813,1.4755882,1.5572947,2.8026872,3.3450289,1.5937015,1.350739,0.4942309,3.628347,0.0,0.65402395,3.19215,1.452993,0.0,1.4362143,1.1767415,0.0,0.0,0.0,1.8149971,0.0,0.8682276,2.5902004,2.2659788,0.7674346,0.5079963,1.7754171,4.198587,0.62572867,1.6246866,2.2852764,0.8808267,1.3384986,0.6874463,0.06307487,0.7205004,1.4723598,2.4391432,2.25045,1.1923913,0.0,2.7800815,0.43119767,0.0,1.0175248,3.5653384,0.0,0.32274044,0.0,0.13636605,1.1819139,0.86577094,1.7852548,0.0,1.8551861,2.3007526,2.126245,0.0,2.7345247,3.0185423,0.0,0.0,0.7235728,0.0,0.8765655,0.28336826,0.0,1.1763924,0.22529402,0.0,0.0,4.864154,0.0,0.6872368,0.0,0.6422447,2.0276034,1.0308089,0.0,0.0,0.42795062,2.8155022,2.9581702,0.0,0.54970646,2.1803095,1.8701482,1.3584661,0.0,2.8716395,0.28449613,0.66751724,1.6886597,2.3223906,1.5971935,1.886491,1.901571,1.8725266,2.0225642,2.8862016,3.5161831,0.5089922
mPFtha,0.0,1.18,0.0,0.0,0.42978203,3.1675131,3.1786234,0.40505573,0.0,1.6479417,0.42990053,1.7423289,0.0,1.6241138,0.0,0.91517884,0.0,0.17560421,1.5948638,1.6865299,0.78413147,0.46275488,0.20475097,1.2466879,0.12657368,2.085539,0.0,1.3180045,2.139166,1.2195734,1.1932216,0.0,0.0,0.74955374,1.8160024,3.2550275,3.7626193,0.47028878,0.0,1.6345195,1.381395,0.0934164,1.8247972,1.6277161,1.3853656,0.8989538,0.0,3.2140179,0.1264392,0.0684817,1.8838258,0.3723904,0.0,0.0,0.0,1.5733782,0.2951126,1.9597489,3.3371758,2.778473,0.3405923,0.0,2.294171,0.22519901,0.52419215,2.1113749,1.54769,0.0,0.078772545,3.154837,1.3412889,2.3785233,0.42800435,0.8283577,0.40618962,0.0,2.4327838,1.555149,0.0,2.2158444,1.7492296,0.15188238,1.2523593,2.2490673,1.1343938,0.0,0.3559209,2.1728327,0.0,2.015678,1.937563,1.4268413,0.46340758,1.54583,1.4752336,2.7914667,1.6220214,0.8806728,0.11419702,0.58595014,0.008056562,0.099313095,1.8927008,0.0,1.3408109,0.7024584,1.9840147,0.0,3.6787124,0.5071062,1.195251,2.0369937,1.9971707,1.3059008,1.2864748,1.4605012,0.14289445,2.388395,1.7524972,0.7074922,0.0,0.8400832,0.19802622,1.6195642,0.84476024,1.6505721,0.81565166,0.6610747,3.0972009,0.0,2.0632474,1.0547147,0.0,0.6345763,0.57562214,2.0407865,0.0,0.060841728,1.6348323,0.0,1.5612124,0.0,1.0790111,0.21359496,2.3529646,3.6127188,0.0,0.2884509,1.1288953,1.479625,0.0,0.09180979,0.0,0.0,1.2477684,1.7547752,0.0,0.0,3.5147004,1.3390495,2.8994105,1.3918525,1.9971989,0.0,1.204343,2.7162566,1.5098968,0.77826244,0.35530865,1.2313977,2.3337626,1.8573525,1.7215259,0.34162968,3.2886388,0.0,1.8681374,0.35522234,0.0,0.23229147,0.11315753,2.5275874,2.1940677,0.010976758,3.352265,0.2574285,3.2148342,3.3048096,0.31478712,2.8793612,1.3221343,0.0,0.0,2.079635,0.30210623,2.0681367,0.9407919,0.03897527,0.42254105,0.2943327,0.13076772,0.68076456,0.93022865,0.88844323,0.060266443,0.0,2.7844014,2.556988,0.0,1.4846138,1.3139268,2.078995,0.20867878,1.9091346,1.9206766,0.09219535,0.092572555,1.1147515,2.1992848,0.0,1.0102978,0.0,0.9889136,0.61231136,2.7121532,0.61952585,1.8225921,1.8811861,0.82529455,2.4966912,2.779416,1.089258,3.365361,2.4102123,0.85262436,1.8253846,0.0,1.6877868,3.1123924,1.0452743,2.3352757,1.5158981,2.1906116,2.6238925,1.0342187,0.9156377,0.9439495,0.5478947,0.0,2.0399532,0.0,0.0,2.0201004,1.4075208,0.0,0.0,1.204377,1.2592258,2.9296308,0.38004887,2.2478313,2.2615654,1.4609982,0.0,1.8163128,0.7925569,0.098850876,0.37079087,0.36779135,0.0,0.96307236,0.6850149,0.50852,2.8293478,1.2486858,0.0,1.2885319,1.7601477,1.7898942,0.036632877,0.0,3.3457775,2.7065158,1.0939059,0.06038847,1.6628926,2.2327707,0.0,1.1204216,0.0,2.8173404,0.19656609,2.617943,2.17217,0.33171594,0.0,0.0,0.0,0.14918977,1.9287058,0.34913832,0.96193254,1.438131,0.290303,1.8001399,1.0197803,2.5267432,0.15948428,0.0,0.5222062,1.7285236,1.0457875,0.0,0.14895491,0.0,0.12853673,1.0915772,1.1519687,0.17824566,0.4945585,0.92141753,1.168746,2.8822496,0.0,0.0,0.0,0.265701,1.9766803,3.1017797,0.0,2.0091946,0.75702214,0.0,0.111670464,0.6573533,0.0,1.9291171,0.0,0.06701015,0.80564904,0.0,1.5932076,0.0,0.013443422,2.596552,2.2834718,1.3656667,0.0,0.0,0.47817254,0.025978915,1.6987019,0.0,0.0,2.0835187,1.7547106,1.8550897,1.6052374,0.7951877,0.95953256,2.0503118,0.7093978,4.388147,3.4199512,2.7258666,2.1189954,0.0,1.0683149,2.1977484,3.684466,0.20685379,1.301852,2.8817644,0.5693584,2.05788,2.6989422,0.22821222,0.7353811,0.66147363,2.2370546,3.0068014,2.1564252,1.9950047,2.025611,0.0,0.0,0.06389625,0.0,2.726808,1.4322828,0.44861165,1.647428,0.0,0.0,0.45025998,1.3999832,1.5870851,0.0,0.9949396,2.0573862,1.4768541,2.8135974,1.5277461,0.0,0.7696827,1.075223,2.0019953,0.0,0.79790485,3.0085733,1.3518736,1.043345,2.3108342,2.216337,0.0,0.0,1.098489,1.2040412,0.0,0.75731474,1.3046749,3.3576305,0.55724275,1.5747148,0.6511285,2.4531567,1.3627404,0.037515394,3.5967596,0.0,0.935202,2.5788474,0.0,0.4517014,2.0888658,1.3554773,0.90869623,1.5229112,0.0,1.5191828,1.8732266,0.53273636,1.7900304,2.1432354,0.0,1.199565,0.0,0.6845129,1.0484028,2.290491,0.0,0.0,1.0425943,1.0853665,1.922715,0.17074095,2.3779092,1.7534559,0.87912375,0.0,0.4627635,0.0,0.76022834,2.2961726,0.0,2.773752,0.0024999306,0.0,0.0,2.5459535,0.0,1.6760644,0.17650227,0.0,1.9602658,0.053777527,0.0,0.0,1.3177919,0.55289173,2.5307457,0.0,1.6215309,1.0919116,3.0763972,0.0,0.0,2.7228174,0.68103343,1.8956058,2.2446718,0.0022292882,0.38818955,2.278667,0.601083,0.83676153,0.34669235,1.9978461,0.46781412,0.55384946
lPFtha,0.0,1.1794654,0.0,0.0,0.77473134,2.6203225,3.7374322,0.0,0.0,1.6664274,0.7265985,1.918283,0.0,2.0724962,0.0,0.0,0.8532349,1.6553196,0.65126747,2.5243328,1.5320237,1.5406421,0.0,0.321076,0.12710556,0.17450671,0.0,1.6637008,0.8479977,2.079365,1.6702452,0.34753767,0.0,0.020422187,1.8195181,3.9518816,3.2603326,1.0295154,0.0,1.6918085,1.0196092,0.30320472,0.37116724,0.35041362,0.0,0.5989429,0.052065425,2.5596528,0.86909115,0.42655253,2.9326773,0.0,0.0,0.0,0.0,2.5330856,0.011223014,2.1541705,3.6040113,1.6640745,1.0323735,0.4687435,1.6719568,0.95595956,0.45556515,2.5214493,1.4800819,0.0,1.2505105,1.8001443,1.3461483,1.0449628,0.0,1.6012812,0.40330422,0.45194322,1.1513088,1.4001929,0.6307219,1.6326125,1.2502561,0.31164595,1.2981324,2.5118122,0.06773175,0.62631977,0.11962888,2.1156313,0.3078983,2.8243492,1.7967217,1.1689233,0.19326682,2.0839114,0.15064752,3.4012897,0.70482296,1.7721733,1.5663354,0.2832995,0.35411003,0.0,1.7513251,0.59569967,2.708231,0.0,2.070891,0.0,4.1642427,1.3290712,0.20071527,2.5214093,2.3487782,1.8372867,1.726713,1.1891199,0.0,1.1516343,2.9861202,1.8377618,0.7434005,2.520683,0.0,0.0,1.1680361,1.6880184,2.705688,1.3472939,2.7509613,0.242005,1.170895,1.077183,0.089319676,0.0,1.8374232,1.2344742,0.0,0.0,0.23756841,0.0,0.25512266,0.2376284,0.7758335,0.3991111,2.3579857,3.8711617,0.0,1.4923974,1.0368207,2.0400789,0.25531992,1.1868308,0.0,0.35528442,2.2582886,2.0320435,0.4910892,1.342976,2.5838194,1.335822,1.575774,0.0,2.3261588,0.1300711,1.4747003,3.0411768,1.3999863,2.0282855,0.77091944,2.2434535,2.9118235,2.537507,2.1069634,1.4074419,1.9437891,0.0,1.1325443,1.7468892,0.52519566,2.1319413,0.20618868,2.4816236,2.010134,0.05400334,2.1077287,0.20936534,3.128981,2.3432322,0.106318496,3.2582664,2.93702,0.0,0.0,1.2415868,0.76474845,2.8425758,2.2178266,0.69096154,2.1871037,1.0153663,0.94700706,1.0123178,1.5371524,1.6579318,0.0,0.0,1.753715,2.4054828,0.31855834,3.016976,2.375655,1.3917739,0.0,1.4432395,2.4661732,0.0,0.0,3.2416615,0.7640028,0.0,1.0528479,0.0,0.39576676,0.5823094,2.0934284,1.0763417,0.51412106,2.8920047,0.38193482,1.7937874,3.6160152,1.2443036,3.9575016,1.163173,1.2252308,1.3571618,0.018329464,1.7993003,3.3777807,2.3116653,3.098042,2.2152185,2.073232,1.4656267,1.938172,1.3358581,1.3395878,0.43532854,0.17030792,1.0862365,0.0,0.0,1.803217,2.632767,0.0,0.011111443,2.7394333,1.1539217,1.6703292,1.4076858,1.5192163,2.7283819,1.2202351,1.6240938,1.3249753,2.1001081,0.57868725,1.9055309,1.0231861,0.0,0.44744292,1.6760391,2.7420704,2.0105467,1.7823149,0.015277426,1.6374998,1.0012919,1.7401944,1.0494083,0.7834429,1.3237412,2.937575,0.0,0.0905777,3.1019893,2.198611,0.75886506,2.1284316,0.0,2.5254903,0.30845088,2.9113426,2.584047,1.5402863,0.0,0.5275363,0.0,0.106732905,0.8453306,0.17231795,1.1637903,0.8910658,0.7035805,0.7589275,2.0277522,2.1589038,0.3000738,0.0,1.2850424,0.61078185,2.569165,0.0,0.6229636,0.0,0.3738085,1.226413,0.9987583,1.7149578,0.6996405,0.0972002,1.5884731,2.3314104,0.0,0.11733809,0.0,1.2993584,0.90474164,3.2483606,0.0,0.09414457,0.096766815,0.0,0.0,1.440689,0.0,0.7011384,1.5768725,1.1458882,1.3522873,0.0,0.41544163,0.0,1.4634582,1.8409835,1.2490757,2.1858685,0.4302403,0.08246038,0.32466042,0.0,0.9361264,0.11217537,0.0,2.7618012,1.6026087,0.90668327,2.3801162,1.3790052,1.5665556,4.245206,0.22248271,3.0843403,3.231313,1.2836736,3.1979299,0.7368784,1.7292197,1.862532,2.804358,0.2112519,0.35094345,2.9683106,1.7874103,2.1424847,3.2461612,0.0,0.0,0.44038427,0.5561134,3.7085054,1.0100935,0.9391453,1.7445718,0.0,0.0,0.0,0.0,2.91689,0.8533949,0.15835959,1.4487576,0.0,0.3904166,0.9376524,0.6028391,1.2972095,1.1240294,0.9720117,1.3014021,1.7673606,2.6207137,1.3445318,0.9670891,1.0821563,1.8098563,2.7798755,0.0,0.6650902,1.6266682,0.9038296,1.0707229,0.9251633,2.3118842,0.60080224,0.0,0.14303729,1.0815207,0.0,1.2432319,1.0321444,2.6929157,1.7541244,2.602531,0.84221727,3.5571496,0.9380494,1.0003663,3.3353379,0.05557084,2.5096798,2.8744335,0.0,3.132566,2.4794457,0.6364416,0.9300739,1.1006153,0.29030633,1.7888145,2.275728,0.81362474,0.97282666,2.6344135,0.0,1.6082535,0.0,0.39299235,2.3738654,1.8984836,0.0,0.0,0.023823421,0.13763037,0.0,0.76743394,2.6398256,2.1152878,0.24102804,0.0,0.82886803,0.0,1.4585059,1.0765179,0.0,1.6207112,1.1039671,0.6699766,0.0,1.2126511,0.11135928,2.7555952,0.0,0.0,1.8213638,1.7571039,0.0,0.0,1.3573263,0.09817155,1.9374397,0.0,1.7946742,2.6539693,3.795272,0.0,0.0,3.3430963,0.25574285,2.6189635,1.715865,0.0,0.2314991,1.1455129,0.25651318,3.3442173,0.0,1.7191637,0.4533365,1.1400664
rTtha,0.0,0.7870143,1.1974075,0.0,0.0,1.8978274,2.685406,0.45035285,0.0,1.0030725,0.0,1.2531463,0.6072085,0.22785492,0.0,1.2519422,0.0,0.0,1.1473364,0.09620815,0.9689666,0.5210108,0.60970235,0.8038912,0.0,2.20452,0.2302319,1.4141438,0.38038832,0.19696687,0.6842349,0.0,0.0,0.57568043,1.7920747,0.7887088,1.416306,0.18054093,0.0,2.0253398,1.0164543,0.18033925,1.1334119,2.0850408,0.8545359,0.51059926,0.6407106,2.348255,0.0,0.31644982,0.0,0.7365291,0.30743095,0.0,0.0,0.23010597,0.0,0.6983494,1.2059565,2.5493407,0.13289197,0.15179741,2.0269356,0.17824179,0.0,0.57169133,0.0,0.18454579,0.0,2.2526367,1.5144271,2.3696542,0.80692005,0.0,1.7056774,0.41134432,2.2863853,0.0,0.0,2.2385,1.3207183,0.09714209,0.12077745,0.1045984,0.61939067,0.0,0.124245726,1.5524118,0.0,0.49470907,0.24349922,0.3188141,0.49709898,0.14523682,1.3735569,1.6063123,1.2435845,1.139925,0.0,1.0460023,0.70583427,0.79835474,0.7643527,0.0,0.6277834,1.1617798,2.1228611,0.0,1.1036627,0.16196766,1.0810734,0.8808033,0.13415302,1.0487746,0.4453415,1.5800688,0.2336317,1.9695431,0.6814597,0.32598537,0.0,0.0,1.1469775,0.97873205,0.27366415,0.0,0.0,0.79465604,2.1152477,0.0,1.2165487,0.28202972,0.0,2.0116777,0.68262464,2.0030642,0.0,1.2437412,1.0535138,0.06615439,1.6792346,0.3879035,0.7894169,0.08592416,0.992956,1.8657665,0.0,0.66715205,1.0654774,0.8827712,0.08760428,0.032171793,0.0,0.0,1.2485019,0.8709845,0.0,0.0,2.4540646,1.4339846,1.7802285,0.0,0.09978345,0.0,1.3676418,1.3190043,1.108475,0.7083467,0.0,0.9030621,0.4446817,0.9272642,0.0,0.1461427,1.3334574,0.0,0.3455559,0.0,0.18258312,0.0,0.19108757,2.466095,0.52117795,1.0294203,2.4550464,1.2466235,0.97190094,1.9590024,0.30722484,1.5886769,0.0,0.0,0.3580804,1.1778507,0.6393962,1.0358033,0.062391184,0.5292162,0.0,0.8827274,0.0,0.0,0.15423365,1.8438386,0.7106083,0.5427309,1.8576747,1.1415937,0.0,1.0578014,0.0,0.94517004,1.400027,0.6611689,0.74231434,0.0,0.29050314,0.062442977,1.7977751,0.0,1.2982633,0.08027525,1.0013368,0.0,1.1039648,1.3650315,2.5420797,0.8300562,1.8448999,1.4368463,0.9541904,0.30010945,1.5413045,1.5470996,1.3620131,1.520553,0.0,0.0,0.93065095,0.3670753,1.4456794,0.8980607,1.1872606,1.2856259,0.95898813,0.12932834,0.0,1.5522032,0.25425434,2.2919314,0.20258695,0.0,1.8787086,0.6482076,0.6267511,0.0,0.0,0.0,1.745822,0.0,2.5515742,1.4367054,0.6704363,0.0,1.5840131,0.10571391,0.9695456,0.9530019,0.18684582,0.0,0.6417851,0.0,0.0,0.48207867,0.0,0.0,0.32601684,1.6396254,1.4013256,0.0,0.0,2.1993737,0.5868399,1.8550652,0.123946644,0.0,0.4545561,0.16430628,1.0076898,0.0,1.2609894,0.22083318,0.8231755,0.6972853,0.0,0.0,0.8853737,0.024007905,0.0,1.397415,0.3618937,0.0,1.5127085,0.5515974,1.0022316,0.0,1.4784579,0.6622166,0.0,0.0,2.4295852,0.0,0.118036866,0.0,0.0,0.5002128,0.48535636,1.439465,0.0,0.5991798,1.7213215,0.53770375,1.2566372,0.0,0.4163539,0.011767228,0.4591116,1.2648349,1.8198767,0.0,2.2984607,1.0467455,0.0,0.28266782,0.50060195,0.0,1.3380553,0.0,0.0,1.2020059,0.073881395,1.0621046,0.0,0.0,1.1931103,1.9135777,2.0825326,0.25425243,0.3070486,0.5577964,1.1385545,2.0191538,0.0,0.0,1.3936112,1.5920846,0.7505011,0.6419878,0.5342009,0.21363251,0.06826229,0.27492756,1.9313767,1.4862673,1.7144108,0.97451776,0.0,1.3183048,0.72051746,3.257885,0.61259186,2.0107827,1.4083545,0.34867755,2.1996071,1.1070951,0.5422506,1.1345643,1.7691373,1.0399711,1.1418303,1.0558792,0.5923443,0.4091758,0.0,0.0,0.1259193,0.0,1.2880907,1.5669416,0.0,0.62923,0.0,0.0,0.49444652,0.552575,0.37814534,0.0,0.52223074,1.0465455,0.0,2.4838164,1.4399425,0.0,0.0,0.030586746,1.5334357,1.032863,1.038098,2.5088756,0.5270332,1.3571423,1.3229097,0.70919174,0.0,0.0,0.2654228,0.0,0.20900425,0.5995396,0.60446864,1.518152,0.0,0.0,0.0,1.1332663,0.87685114,0.5176381,0.79111874,0.0,0.3530774,1.0523233,0.07312395,0.0,1.3836763,1.9697596,0.5737988,0.0755634,0.044781025,0.5763446,0.4358286,0.41634753,1.0784378,0.9904717,0.0,1.054985,0.0,0.634265,0.0,1.468987,0.63793033,0.0,1.3449091,0.616826,1.3750669,0.0,0.90822124,1.328941,0.12314738,0.0,0.0,0.0,1.1214762,1.8159566,0.10553492,2.4558864,0.15669768,0.0,0.0,3.2588396,0.36749643,0.43996948,0.25878948,0.21671431,1.2300918,0.0,0.0,0.0,2.0268934,0.10551222,1.1150986,0.0,1.2955865,0.0,1.0113058,1.0350639,0.0,0.59872895,1.1554742,0.36811766,0.9646647,0.056293562,0.0,0.9490953,2.1856549,0.0,0.5739945,0.8483346,0.6842634,0.08335712
cTtha,0.0,0.047478855,0.62111205,0.0,0.0,1.0434314,1.8544457,0.8851801,0.0,0.9861616,0.0,2.0052848,0.0,0.14335991,0.0,2.0296571,1.0563521,1.4993476,0.0,0.0,0.2835513,0.17612621,0.904193,0.20805149,0.0,2.9221354,0.0,1.2617109,1.2816777,1.3243005,1.7769357,1.2645909,0.0,2.4065967,1.2611283,1.9380355,2.5211704,1.9538906,0.0,1.6069716,0.20978406,0.0,0.0,1.3082293,2.228633,0.54985064,1.5920999,0.37732187,1.7423275,0.0,0.91999465,0.35537663,0.0,0.0,0.0,0.8897496,1.9062182,0.0,0.7270352,2.9202716,0.0,0.3696733,1.6808994,0.0,0.84939086,1.9345315,1.8930318,1.4863691,0.122323394,2.0352724,2.5323825,1.7873136,0.072281696,0.14629866,1.7623172,0.8984097,1.561337,0.3811122,0.0,0.0,1.8596194,0.5858,1.3385473,1.5881864,0.0,0.121031225,0.0,0.28992584,0.0,0.3743238,2.226546,0.0,1.636364,0.10332231,1.794761,1.1052938,0.68530095,0.0,0.7146056,1.0225031,1.1550201,0.0,0.50195295,0.31031808,0.0,0.05774951,2.1848748,0.0,1.372105,1.3954612,1.5947037,0.00345367,1.5338047,0.0,0.0,2.2723513,0.0,0.66841453,2.1938777,2.3315327,0.0,0.61335653,0.99267465,0.35629615,0.0,1.0313694,1.5869228,0.0,2.8384655,0.0,0.707589,1.4763032,0.0,0.66569865,1.9604602,1.7846477,0.0,0.5359463,0.31429604,0.0,0.46233112,0.0,1.4992466,0.7572987,1.3907915,2.1639662,0.0,1.5649599,0.82660997,0.024534509,1.5967697,0.9967358,0.19323556,0.0,0.38452312,0.16271827,0.34528723,1.4836447,1.6786848,2.1180542,0.88678265,1.6394199,0.44124952,1.340358,0.23009929,1.7555867,1.5936183,1.3209785,1.4352026,0.75688416,0.0,1.4631267,0.0,0.6880569,1.3269902,0.0,2.0499382,1.18664,0.0,0.0,0.0,1.1413215,0.6739637,1.552939,1.2967596,1.0050904,2.2048671,1.6595744,0.0,1.8575575,0.0,0.0,0.0,0.0,1.8009863,1.4129883,0.0,2.3611867,1.4153985,2.5957036,2.213136,0.0,1.9263766,2.243935,0.12986054,0.0,2.5084045,2.902118,0.0,1.229981,0.0,1.9681435,1.0635474,0.075238764,0.0,1.2130586,0.8040611,1.772478,1.8795391,0.8514123,2.73737,2.1212375,1.335936,0.0,0.67081434,1.3680938,2.310756,0.119444475,1.8787913,0.82925177,2.4108052,2.4648042,0.79072607,0.3051682,0.6264525,0.63901085,0.72320145,0.92884636,1.7451324,0.0,0.6083838,1.2030098,1.3490596,1.2393178,0.88835835,1.9297535,1.684673,1.6465449,0.0,1.8244853,0.0,0.5993235,0.20150311,0.48597044,1.0580695,0.96534634,0.71066344,0.9154237,2.7694461,2.0917127,0.46486622,0.014702481,1.1876233,1.1137797,1.5131173,1.129412,1.0456619,0.04673671,0.060334787,0.0,0.36860734,0.72545815,0.0,0.012223043,0.6679367,0.0,0.0,0.75928694,1.93336,1.1612996,0.7959829,2.3827028,2.0608165,1.7883556,0.0,2.319183,1.2675803,1.8636417,0.69462365,0.0,2.0533686,0.42348975,0.21777922,0.0016883081,1.2851856,0.0,1.1838262,0.0,0.87318885,2.2360709,0.6185778,0.8064121,0.747534,2.284866,2.3790874,0.0,1.0195231,0.6359132,0.0,2.3048623,0.10885988,0.020980768,0.0,2.2863593,0.17867082,0.0,1.0164444,1.3827293,0.58576024,0.052560918,0.21102919,2.2942781,0.15995617,1.7122415,1.108097,1.6957098,0.06573245,1.523933,3.0059512,0.37659425,1.3907752,1.3630946,0.0,0.0,0.810542,0.0,2.6274023,0.33118382,1.1738904,0.0,0.506366,1.5035416,0.0,0.0,4.2631917,1.7810572,2.2880983,0.5402099,0.121335454,0.0,0.99039245,1.7294941,0.6640032,0.0,0.13555194,1.6657768,0.78259444,1.583399,0.74458754,0.8773172,1.0831816,0.0,3.2625525,1.7366927,3.621977,3.003333,0.11774908,1.6566058,2.9208891,2.804739,0.0,1.5592456,0.7989545,2.1055503,0.800264,2.000617,0.0,0.62636554,1.2435353,1.7320372,0.78296435,0.0,0.7485328,1.6138762,0.0,0.0,1.3646564,0.0,1.6089203,0.99400574,1.7058592,0.0,0.0,0.0,0.36455807,0.24276519,0.0,0.0,0.1755643,2.0515292,0.0,2.1879535,2.1970856,1.930886,1.8931923,1.2021266,1.7104768,0.0,0.03869535,2.5494535,0.22830586,1.0657953,1.8225265,0.17014606,0.19159904,0.0,0.034026776,0.39053267,0.0,0.0,1.6668714,0.5531524,0.0,0.16430193,2.6491747,2.8072846,0.8313854,2.0444002,2.465049,0.47931284,0.94543,0.5889943,0.0,0.27820072,0.722904,2.8110118,0.09471004,1.0262225,0.0,1.6005358,0.5289411,0.0,0.6474888,0.9614716,0.0,0.96113205,0.0,0.9713322,0.6747213,0.0,0.27027458,0.0,1.4781286,0.70294464,1.2599635,0.0,1.4016247,2.7312145,0.0,0.0,1.5739094,0.0,0.79265636,0.82449937,0.0,1.80172,1.1521544,0.0,0.0,3.7269812,0.0,0.22873223,0.0,0.0,1.6934702,1.4217982,0.0,0.0,0.9126702,1.4763101,0.64455837,0.0,1.4235586,1.1158085,1.1316588,1.6636255,0.0,2.3965642,0.0,1.7436798,1.0708476,0.8581047,0.36145473,2.120819,2.4478948,0.577613,1.3473428,2.1616266,2.0088043,0.22686248
